crossing time (s)	slope (V/s)	crossing number
281474976710655.000000	30.679100	6801	0.000000
281474976710655.000000	28.611725	6802	0.000000
281474976710655.000000	30.491005	6803	0.000000
281474976710655.000000	34.863567	6804	0.000000
281474976710655.000000	30.022688	6805	0.000000
281474976710655.000000	33.803154	6806	0.000000
281474976710655.000000	32.075840	6807	0.000000
281474976710655.000000	28.804018	6808	0.000000
281474976710655.000000	30.532629	6809	0.000000
281474976710655.000000	28.701620	6810	0.000000
281474976710655.000000	30.173359	6811	0.000000
281474976710655.000000	28.640312	6812	0.000000
281474976710655.000000	30.168833	6813	0.000000
281474976710655.000000	34.100136	6814	0.000000
281474976710655.000000	30.933819	6815	0.000000
281474976710655.000000	31.244343	6816	0.000000
281474976710655.000000	34.461586	6817	0.000000
281474976710655.000000	30.473063	6818	0.000000
281474976710655.000000	30.131266	6819	0.000000
281474976710655.000000	31.118307	6820	0.000000
281474976710655.000000	29.970907	6821	0.000000
281474976710655.000000	32.069122	6822	0.000000
281474976710655.000000	28.632912	6823	0.000000
281474976710655.000000	28.730755	6824	0.000000
281474976710655.000000	28.002546	6825	0.000000
281474976710655.000000	28.451477	6826	0.000000
281474976710655.000000	30.120062	6827	0.000000
281474976710655.000000	28.953930	6828	0.000000
281474976710655.000000	33.988407	6829	0.000000
281474976710655.000000	33.762600	6830	0.000000
281474976710655.000000	29.314186	6831	0.000000
281474976710655.000000	28.473492	6832	0.000000
281474976710655.000000	31.355234	6833	0.000000
281474976710655.000000	28.293129	6834	0.000000
281474976710655.000000	30.829124	6835	0.000000
281474976710655.000000	31.395164	6836	0.000000
281474976710655.000000	31.404514	6837	0.000000
281474976710655.000000	28.162655	6838	0.000000
281474976710655.000000	29.136189	6839	0.000000
281474976710655.000000	27.767078	6840	0.000000
281474976710655.000000	28.075951	6841	0.000000
281474976710655.000000	29.860565	6842	0.000000
281474976710655.000000	28.574322	6843	0.000000
281474976710655.000000	27.897053	6844	0.000000
281474976710655.000000	30.369276	6845	0.000000
281474976710655.000000	33.265015	6846	0.000000
281474976710655.000000	29.374382	6847	0.000000
281474976710655.000000	30.135130	6848	0.000000
281474976710655.000000	26.498922	6849	0.000000
281474976710655.000000	33.832783	6850	0.000000
281474976710655.000000	28.449152	6851	0.000000
281474976710655.000000	31.213411	6852	0.000000
281474976710655.000000	28.729872	6853	0.000000
281474976710655.000000	28.875437	6854	0.000000
281474976710655.000000	26.926846	6855	0.000000
281474976710655.000000	28.340403	6856	0.000000
281474976710655.000000	29.022654	6857	0.000000
281474976710655.000000	31.434662	6858	0.000000
281474976710655.000000	27.224941	6859	0.000000
281474976710655.000000	27.680017	6860	0.000000
281474976710655.000000	30.350842	6861	0.000000
281474976710655.000000	26.907398	6862	0.000000
281474976710655.000000	27.125013	6863	0.000000
281474976710655.000000	27.346571	6864	0.000000
281474976710655.000000	30.682384	6865	0.000000
281474976710655.000000	29.172354	6866	0.000000
281474976710655.000000	28.569546	6867	0.000000
281474976710655.000000	29.287485	6868	0.000000
281474976710655.000000	29.299965	6869	0.000000
281474976710655.000000	30.318903	6870	0.000000
281474976710655.000000	29.512117	6871	0.000000
281474976710655.000000	26.633238	6872	0.000000
281474976710655.000000	29.208620	6873	0.000000
281474976710655.000000	29.687630	6874	0.000000
281474976710655.000000	28.914314	6875	0.000000
281474976710655.000000	26.942158	6876	0.000000
281474976710655.000000	26.095440	6877	0.000000
281474976710655.000000	29.565374	6878	0.000000
281474976710655.000000	28.024933	6879	0.000000
281474976710655.000000	26.700624	6880	0.000000
281474976710655.000000	26.702452	6881	0.000000
281474976710655.000000	25.517902	6882	0.000000
281474976710655.000000	25.495956	6883	0.000000
281474976710655.000000	26.689152	6884	0.000000
281474976710655.000000	26.056849	6885	0.000000
281474976710655.000000	28.848301	6886	0.000000
281474976710655.000000	26.233036	6887	0.000000
281474976710655.000000	27.072506	6888	0.000000
281474976710655.000000	27.102991	6889	0.000000
281474976710655.000000	29.496847	6890	0.000000
281474976710655.000000	26.936722	6891	0.000000
281474976710655.000000	27.701681	6892	0.000000
281474976710655.000000	28.945238	6893	0.000000
281474976710655.000000	25.761139	6894	0.000000
281474976710655.000000	26.377169	6895	0.000000
281474976710655.000000	27.805519	6896	0.000000
281474976710655.000000	27.540218	6897	0.000000
281474976710655.000000	27.310524	6898	0.000000
281474976710655.000000	30.626358	6899	0.000000
281474976710655.000000	30.921463	6900	0.000000
281474976710655.000000	25.618711	6901	0.000000
281474976710655.000000	30.295740	6902	0.000000
281474976710655.000000	25.784037	6903	0.000000
281474976710655.000000	27.731335	6904	0.000000
281474976710655.000000	27.012825	6905	0.000000
281474976710655.000000	29.289490	6906	0.000000
281474976710655.000000	26.737827	6907	0.000000
281474976710655.000000	30.693148	6908	0.000000
281474976710655.000000	25.612104	6909	0.000000
281474976710655.000000	27.558851	6910	0.000000
281474976710655.000000	27.354111	6911	0.000000
281474976710655.000000	27.147943	6912	0.000000
281474976710655.000000	27.804308	6913	0.000000
281474976710655.000000	28.079952	6914	0.000000
281474976710655.000000	27.819225	6915	0.000000
281474976710655.000000	25.442949	6916	0.000000
281474976710655.000000	26.234812	6917	0.000000
281474976710655.000000	26.282982	6918	0.000000
281474976710655.000000	27.811932	6919	0.000000
281474976710655.000000	25.142998	6920	0.000000
281474976710655.000000	26.204037	6921	0.000000
281474976710655.000000	26.425884	6922	0.000000
281474976710655.000000	27.383877	6923	0.000000
281474976710655.000000	25.974867	6924	0.000000
281474976710655.000000	26.487442	6925	0.000000
281474976710655.000000	26.597986	6926	0.000000
281474976710655.000000	25.800810	6927	0.000000
281474976710655.000000	27.083370	6928	0.000000
281474976710655.000000	28.595308	6929	0.000000
281474976710655.000000	28.167387	6930	0.000000
281474976710655.000000	26.199930	6931	0.000000
281474976710655.000000	25.046703	6932	0.000000
281474976710655.000000	26.550875	6933	0.000000
281474976710655.000000	28.072401	6934	0.000000
281474976710655.000000	24.453777	6935	0.000000
281474976710655.000000	25.043306	6936	0.000000
281474976710655.000000	27.416533	6937	0.000000
281474976710655.000000	27.589441	6938	0.000000
281474976710655.000000	26.405613	6939	0.000000
281474976710655.000000	29.329908	6940	0.000000
281474976710655.000000	28.671291	6941	0.000000
281474976710655.000000	26.643885	6942	0.000000
281474976710655.000000	24.105745	6943	0.000000
281474976710655.000000	25.912220	6944	0.000000
281474976710655.000000	25.216219	6945	0.000000
281474976710655.000000	28.818962	6946	0.000000
281474976710655.000000	24.548304	6947	0.000000
281474976710655.000000	26.607624	6948	0.000000
281474976710655.000000	28.296726	6949	0.000000
281474976710655.000000	26.074121	6950	0.000000
281474976710655.000000	26.232372	6951	0.000000
281474976710655.000000	26.737696	6952	0.000000
281474976710655.000000	27.910862	6953	0.000000
281474976710655.000000	25.976244	6954	0.000000
281474976710655.000000	25.676054	6955	0.000000
281474976710655.000000	28.352400	6956	0.000000
281474976710655.000000	26.258495	6957	0.000000
281474976710655.000000	26.630968	6958	0.000000
281474976710655.000000	25.795843	6959	0.000000
281474976710655.000000	27.080677	6960	0.000000
281474976710655.000000	24.155851	6961	0.000000
281474976710655.000000	27.149979	6962	0.000000
281474976710655.000000	24.327454	6963	0.000000
281474976710655.000000	25.346170	6964	0.000000
281474976710655.000000	24.719700	6965	0.000000
281474976710655.000000	25.322742	6966	0.000000
281474976710655.000000	24.882172	6967	0.000000
281474976710655.000000	28.101852	6968	0.000000
281474976710655.000000	24.200747	6969	0.000000
281474976710655.000000	26.086308	6970	0.000000
281474976710655.000000	25.600187	6971	0.000000
281474976710655.000000	25.715767	6972	0.000000
281474976710655.000000	23.702948	6973	0.000000
281474976710655.000000	27.084154	6974	0.000000
281474976710655.000000	23.217020	6975	0.000000
281474976710655.000000	24.214039	6976	0.000000
281474976710655.000000	26.133753	6977	0.000000
281474976710655.000000	23.932880	6978	0.000000
281474976710655.000000	23.002068	6979	0.000000
281474976710655.000000	25.636185	6980	0.000000
281474976710655.000000	24.567511	6981	0.000000
281474976710655.000000	24.865244	6982	0.000000
281474976710655.000000	23.066547	6983	0.000000
281474976710655.000000	25.912580	6984	0.000000
281474976710655.000000	23.631502	6985	0.000000
281474976710655.000000	25.251320	6986	0.000000
281474976710655.000000	25.855061	6987	0.000000
281474976710655.000000	25.428865	6988	0.000000
281474976710655.000000	23.947016	6989	0.000000
281474976710655.000000	25.508059	6990	0.000000
281474976710655.000000	24.604383	6991	0.000000
281474976710655.000000	25.051523	6992	0.000000
281474976710655.000000	25.060467	6993	0.000000
281474976710655.000000	24.818291	6994	0.000000
281474976710655.000000	26.667444	6995	0.000000
281474976710655.000000	23.556871	6996	0.000000
281474976710655.000000	23.673548	6997	0.000000
281474976710655.000000	23.493311	6998	0.000000
281474976710655.000000	23.794264	6999	0.000000
281474976710655.000000	23.060776	7000	0.000000
281474976710655.000000	23.846493	7001	0.000000
281474976710655.000000	24.842218	7002	0.000000
281474976710655.000000	22.260784	7003	0.000000
281474976710655.000000	24.420538	7004	0.000000
281474976710655.000000	25.926197	7005	0.000000
281474976710655.000000	25.679594	7006	0.000000
281474976710655.000000	23.559271	7007	0.000000
281474976710655.000000	23.807444	7008	0.000000
281474976710655.000000	22.142097	7009	0.000000
281474976710655.000000	25.283049	7010	0.000000
281474976710655.000000	24.594133	7011	0.000000
281474976710655.000000	23.501810	7012	0.000000
281474976710655.000000	21.926897	7013	0.000000
281474976710655.000000	22.601196	7014	0.000000
281474976710655.000000	23.195091	7015	0.000000
281474976710655.000000	26.321779	7016	0.000000
281474976710655.000000	21.654335	7017	0.000000
281474976710655.000000	26.279789	7018	0.000000
281474976710655.000000	23.877085	7019	0.000000
281474976710655.000000	22.439850	7020	0.000000
281474976710655.000000	21.859205	7021	0.000000
281474976710655.000000	25.993383	7022	0.000000
281474976710655.000000	25.562258	7023	0.000000
281474976710655.000000	24.157475	7024	0.000000
281474976710655.000000	21.694506	7025	0.000000
281474976710655.000000	21.984957	7026	0.000000
281474976710655.000000	23.748180	7027	0.000000
281474976710655.000000	23.231422	7028	0.000000
281474976710655.000000	21.777357	7029	0.000000
281474976710655.000000	24.744261	7030	0.000000
281474976710655.000000	23.780203	7031	0.000000
281474976710655.000000	23.576571	7032	0.000000
281474976710655.000000	23.105717	7033	0.000000
281474976710655.000000	24.493336	7034	0.000000
281474976710655.000000	20.732857	7035	0.000000
281474976710655.000000	23.611477	7036	0.000000
281474976710655.000000	22.950172	7037	0.000000
281474976710655.000000	25.488890	7038	0.000000
281474976710655.000000	22.718815	7039	0.000000
281474976710655.000000	22.901806	7040	0.000000
281474976710655.000000	23.198254	7041	0.000000
281474976710655.000000	23.282221	7042	0.000000
281474976710655.000000	22.199266	7043	0.000000
281474976710655.000000	22.408466	7044	0.000000
281474976710655.000000	23.382044	7045	0.000000
281474976710655.000000	24.199322	7046	0.000000
281474976710655.000000	22.662048	7047	0.000000
281474976710655.000000	23.121798	7048	0.000000
281474976710655.000000	21.897116	7049	0.000000
281474976710655.000000	23.944904	7050	0.000000
281474976710655.000000	20.938200	7051	0.000000
281474976710655.000000	22.082365	7052	0.000000
281474976710655.000000	23.292021	7053	0.000000
281474976710655.000000	22.006531	7054	0.000000
281474976710655.000000	21.920736	7055	0.000000
281474976710655.000000	21.670023	7056	0.000000
281474976710655.000000	22.337513	7057	0.000000
281474976710655.000000	23.159657	7058	0.000000
281474976710655.000000	22.266489	7059	0.000000
281474976710655.000000	22.883503	7060	0.000000
281474976710655.000000	21.580996	7061	0.000000
281474976710655.000000	23.035393	7062	0.000000
281474976710655.000000	22.125250	7063	0.000000
281474976710655.000000	22.286417	7064	0.000000
281474976710655.000000	22.830929	7065	0.000000
281474976710655.000000	22.381641	7066	0.000000
281474976710655.000000	21.389065	7067	0.000000
281474976710655.000000	21.712589	7068	0.000000
281474976710655.000000	21.508966	7069	0.000000
281474976710655.000000	22.131012	7070	0.000000
281474976710655.000000	21.102283	7071	0.000000
281474976710655.000000	23.427944	7072	0.000000
281474976710655.000000	22.855286	7073	0.000000
281474976710655.000000	22.862062	7074	0.000000
281474976710655.000000	21.313128	7075	0.000000
281474976710655.000000	22.498346	7076	0.000000
281474976710655.000000	21.532595	7077	0.000000
281474976710655.000000	21.813456	7078	0.000000
281474976710655.000000	21.336981	7079	0.000000
281474976710655.000000	22.086767	7080	0.000000
281474976710655.000000	20.197090	7081	0.000000
281474976710655.000000	22.013313	7082	0.000000
281474976710655.000000	21.331509	7083	0.000000
281474976710655.000000	22.892004	7084	0.000000
281474976710655.000000	21.413218	7085	0.000000
281474976710655.000000	21.739836	7086	0.000000
281474976710655.000000	21.878155	7087	0.000000
281474976710655.000000	21.395632	7088	0.000000
281474976710655.000000	20.958807	7089	0.000000
281474976710655.000000	21.257254	7090	0.000000
281474976710655.000000	20.941128	7091	0.000000
281474976710655.000000	22.902142	7092	0.000000
281474976710655.000000	21.514202	7093	0.000000
281474976710655.000000	22.013435	7094	0.000000
281474976710655.000000	22.324280	7095	0.000000
281474976710655.000000	20.370539	7096	0.000000
281474976710655.000000	21.495848	7097	0.000000
281474976710655.000000	20.854353	7098	0.000000
281474976710655.000000	20.398506	7099	0.000000
281474976710655.000000	21.687017	7100	0.000000
281474976710655.000000	22.088593	7101	0.000000
281474976710655.000000	21.660200	7102	0.000000
281474976710655.000000	22.393633	7103	0.000000
281474976710655.000000	21.020845	7104	0.000000
281474976710655.000000	21.873709	7105	0.000000
281474976710655.000000	20.327118	7106	0.000000
281474976710655.000000	20.384630	7107	0.000000
281474976710655.000000	20.752077	7108	0.000000
281474976710655.000000	21.672565	7109	0.000000
281474976710655.000000	21.138680	7110	0.000000
281474976710655.000000	21.154383	7111	0.000000
281474976710655.000000	21.134308	7112	0.000000
281474976710655.000000	19.914003	7113	0.000000
281474976710655.000000	20.101082	7114	0.000000
281474976710655.000000	20.147057	7115	0.000000
281474976710655.000000	21.761782	7116	0.000000
281474976710655.000000	19.926174	7117	0.000000
281474976710655.000000	20.886187	7118	0.000000
281474976710655.000000	20.870941	7119	0.000000
281474976710655.000000	20.491222	7120	0.000000
281474976710655.000000	20.149454	7121	0.000000
281474976710655.000000	20.913273	7122	0.000000
281474976710655.000000	19.940510	7123	0.000000
281474976710655.000000	20.632078	7124	0.000000
281474976710655.000000	19.974607	7125	0.000000
281474976710655.000000	21.536304	7126	0.000000
281474976710655.000000	20.315954	7127	0.000000
281474976710655.000000	20.983334	7128	0.000000
281474976710655.000000	20.589975	7129	0.000000
281474976710655.000000	19.999065	7130	0.000000
281474976710655.000000	20.095879	7131	0.000000
281474976710655.000000	20.485914	7132	0.000000
281474976710655.000000	20.614868	7133	0.000000
281474976710655.000000	19.894503	7134	0.000000
281474976710655.000000	20.285860	7135	0.000000
281474976710655.000000	21.112816	7136	0.000000
281474976710655.000000	20.068151	7137	0.000000
281474976710655.000000	20.741655	7138	0.000000
281474976710655.000000	19.769962	7139	0.000000
281474976710655.000000	21.020199	7140	0.000000
281474976710655.000000	19.999413	7141	0.000000
281474976710655.000000	20.276291	7142	0.000000
281474976710655.000000	19.724777	7143	0.000000
281474976710655.000000	19.706633	7144	0.000000
281474976710655.000000	19.994982	7145	0.000000
281474976710655.000000	20.300190	7146	0.000000
281474976710655.000000	20.755201	7147	0.000000
281474976710655.000000	19.966179	7148	0.000000
281474976710655.000000	19.576458	7149	0.000000
281474976710655.000000	19.257950	7150	0.000000
281474976710655.000000	19.631176	7151	0.000000
281474976710655.000000	20.419750	7152	0.000000
281474976710655.000000	19.487398	7153	0.000000
281474976710655.000000	19.395071	7154	0.000000
281474976710655.000000	18.838476	7155	0.000000
281474976710655.000000	19.975470	7156	0.000000
281474976710655.000000	19.673975	7157	0.000000
281474976710655.000000	20.453367	7158	0.000000
281474976710655.000000	20.441410	7159	0.000000
281474976710655.000000	19.871323	7160	0.000000
281474976710655.000000	19.254000	7161	0.000000
281474976710655.000000	19.561069	7162	0.000000
281474976710655.000000	19.424065	7163	0.000000
281474976710655.000000	19.985664	7164	0.000000
281474976710655.000000	19.912413	7165	0.000000
281474976710655.000000	19.420193	7166	0.000000
281474976710655.000000	18.806759	7167	0.000000
281474976710655.000000	18.717709	7168	0.000000
281474976710655.000000	19.242626	7169	0.000000
281474976710655.000000	19.418545	7170	0.000000
281474976710655.000000	18.836988	7171	0.000000
281474976710655.000000	19.227280	7172	0.000000
281474976710655.000000	18.521975	7173	0.000000
281474976710655.000000	19.226568	7174	0.000000
281474976710655.000000	18.714010	7175	0.000000
281474976710655.000000	19.819965	7176	0.000000
281474976710655.000000	19.096329	7177	0.000000
281474976710655.000000	19.313444	7178	0.000000
281474976710655.000000	18.367218	7179	0.000000
281474976710655.000000	18.814539	7180	0.000000
281474976710655.000000	19.002962	7181	0.000000
281474976710655.000000	19.062819	7182	0.000000
281474976710655.000000	18.564848	7183	0.000000
281474976710655.000000	19.158066	7184	0.000000
281474976710655.000000	18.792284	7185	0.000000
281474976710655.000000	19.523607	7186	0.000000
281474976710655.000000	18.676413	7187	0.000000
281474976710655.000000	19.637577	7188	0.000000
281474976710655.000000	18.753998	7189	0.000000
281474976710655.000000	20.013346	7190	0.000000
281474976710655.000000	17.922497	7191	0.000000
281474976710655.000000	18.440567	7192	0.000000
281474976710655.000000	18.944571	7193	0.000000
281474976710655.000000	19.102608	7194	0.000000
281474976710655.000000	18.911917	7195	0.000000
281474976710655.000000	18.886721	7196	0.000000
281474976710655.000000	18.271763	7197	0.000000
281474976710655.000000	18.977390	7198	0.000000
281474976710655.000000	18.025675	7199	0.000000
281474976710655.000000	18.636738	7200	0.000000
281474976710655.000000	17.935854	7201	0.000000
281474976710655.000000	18.723173	7202	0.000000
281474976710655.000000	17.735500	7203	0.000000
281474976710655.000000	19.231922	7204	0.000000
281474976710655.000000	18.247330	7205	0.000000
281474976710655.000000	18.181993	7206	0.000000
281474976710655.000000	17.876287	7207	0.000000
281474976710655.000000	19.437586	7208	0.000000
281474976710655.000000	18.669250	7209	0.000000
281474976710655.000000	18.606421	7210	0.000000
281474976710655.000000	18.632578	7211	0.000000
281474976710655.000000	18.287378	7212	0.000000
281474976710655.000000	17.523523	7213	0.000000
281474976710655.000000	18.552952	7214	0.000000
281474976710655.000000	18.213480	7215	0.000000
281474976710655.000000	18.235939	7216	0.000000
281474976710655.000000	17.562513	7217	0.000000
281474976710655.000000	17.610712	7218	0.000000
281474976710655.000000	18.317553	7219	0.000000
281474976710655.000000	18.376978	7220	0.000000
281474976710655.000000	17.355614	7221	0.000000
281474976710655.000000	18.502785	7222	0.000000
281474976710655.000000	17.978527	7223	0.000000
281474976710655.000000	18.333433	7224	0.000000
281474976710655.000000	17.635979	7225	0.000000
281474976710655.000000	17.974234	7226	0.000000
281474976710655.000000	17.281145	7227	0.000000
281474976710655.000000	17.978865	7228	0.000000
281474976710655.000000	17.885113	7229	0.000000
281474976710655.000000	17.986338	7230	0.000000
281474976710655.000000	17.778954	7231	0.000000
281474976710655.000000	18.142057	7232	0.000000
281474976710655.000000	17.245680	7233	0.000000
281474976710655.000000	17.508335	7234	0.000000
281474976710655.000000	18.716393	7235	0.000000
281474976710655.000000	17.797703	7236	0.000000
281474976710655.000000	17.233250	7237	0.000000
281474976710655.000000	17.946953	7238	0.000000
281474976710655.000000	17.628195	7239	0.000000
281474976710655.000000	18.484188	7240	0.000000
281474976710655.000000	17.273001	7241	0.000000
281474976710655.000000	17.582888	7242	0.000000
281474976710655.000000	17.888840	7243	0.000000
281474976710655.000000	17.815247	7244	0.000000
281474976710655.000000	17.526081	7245	0.000000
281474976710655.000000	17.674810	7246	0.000000
281474976710655.000000	17.125305	7247	0.000000
281474976710655.000000	17.657993	7248	0.000000
281474976710655.000000	17.324671	7249	0.000000
281474976710655.000000	17.685822	7250	0.000000
281474976710655.000000	17.468184	7251	0.000000
281474976710655.000000	17.974190	7252	0.000000
281474976710655.000000	17.477924	7253	0.000000
281474976710655.000000	17.586334	7254	0.000000
281474976710655.000000	17.110800	7255	0.000000
281474976710655.000000	17.079227	7256	0.000000
281474976710655.000000	16.354212	7257	0.000000
281474976710655.000000	17.385151	7258	0.000000
281474976710655.000000	16.570721	7259	0.000000
281474976710655.000000	17.665033	7260	0.000000
281474976710655.000000	16.674002	7261	0.000000
281474976710655.000000	17.099274	7262	0.000000
281474976710655.000000	16.296833	7263	0.000000
281474976710655.000000	17.439907	7264	0.000000
281474976710655.000000	16.527952	7265	0.000000
281474976710655.000000	17.252811	7266	0.000000
281474976710655.000000	16.612030	7267	0.000000
281474976710655.000000	17.195581	7268	0.000000
281474976710655.000000	16.425381	7269	0.000000
281474976710655.000000	16.908541	7270	0.000000
281474976710655.000000	16.366493	7271	0.000000
281474976710655.000000	16.920403	7272	0.000000
281474976710655.000000	16.293493	7273	0.000000
281474976710655.000000	16.951221	7274	0.000000
281474976710655.000000	16.428556	7275	0.000000
281474976710655.000000	16.569799	7276	0.000000
281474976710655.000000	16.012390	7277	0.000000
281474976710655.000000	16.798189	7278	0.000000
281474976710655.000000	16.501383	7279	0.000000
281474976710655.000000	16.420887	7280	0.000000
281474976710655.000000	16.687290	7281	0.000000
281474976710655.000000	16.496384	7282	0.000000
281474976710655.000000	16.222492	7283	0.000000
281474976710655.000000	16.889296	7284	0.000000
281474976710655.000000	16.109711	7285	0.000000
281474976710655.000000	16.826206	7286	0.000000
281474976710655.000000	16.275330	7287	0.000000
281474976710655.000000	16.591984	7288	0.000000
281474976710655.000000	16.584209	7289	0.000000
281474976710655.000000	16.869719	7290	0.000000
281474976710655.000000	16.397539	7291	0.000000
281474976710655.000000	16.538336	7292	0.000000
281474976710655.000000	15.863924	7293	0.000000
281474976710655.000000	17.099564	7294	0.000000
281474976710655.000000	16.455208	7295	0.000000
281474976710655.000000	16.801857	7296	0.000000
281474976710655.000000	16.397610	7297	0.000000
281474976710655.000000	17.010218	7298	0.000000
281474976710655.000000	15.777177	7299	0.000000
281474976710655.000000	16.169117	7300	0.000000
281474976710655.000000	15.948470	7301	0.000000
281474976710655.000000	16.188597	7302	0.000000
281474976710655.000000	15.749083	7303	0.000000
281474976710655.000000	16.202938	7304	0.000000
281474976710655.000000	16.399244	7305	0.000000
281474976710655.000000	16.294819	7306	0.000000
281474976710655.000000	15.420031	7307	0.000000
281474976710655.000000	16.261709	7308	0.000000
281474976710655.000000	15.224788	7309	0.000000
281474976710655.000000	16.044733	7310	0.000000
281474976710655.000000	16.133486	7311	0.000000
281474976710655.000000	15.879600	7312	0.000000
281474976710655.000000	15.836308	7313	0.000000
281474976710655.000000	15.981205	7314	0.000000
281474976710655.000000	15.514623	7315	0.000000
281474976710655.000000	16.067049	7316	0.000000
281474976710655.000000	15.311269	7317	0.000000
281474976710655.000000	15.810795	7318	0.000000
281474976710655.000000	15.768835	7319	0.000000
281474976710655.000000	16.381855	7320	0.000000
281474976710655.000000	15.517736	7321	0.000000
281474976710655.000000	15.928523	7322	0.000000
281474976710655.000000	15.291677	7323	0.000000
281474976710655.000000	15.641244	7324	0.000000
281474976710655.000000	15.622998	7325	0.000000
281474976710655.000000	15.650902	7326	0.000000
281474976710655.000000	15.372149	7327	0.000000
281474976710655.000000	15.683764	7328	0.000000
281474976710655.000000	15.141177	7329	0.000000
281474976710655.000000	15.916522	7330	0.000000
281474976710655.000000	14.904242	7331	0.000000
281474976710655.000000	16.173748	7332	0.000000
281474976710655.000000	14.820623	7333	0.000000
281474976710655.000000	16.252441	7334	0.000000
281474976710655.000000	14.706651	7335	0.000000
281474976710655.000000	15.558193	7336	0.000000
281474976710655.000000	15.427506	7337	0.000000
281474976710655.000000	15.470573	7338	0.000000
281474976710655.000000	15.068197	7339	0.000000
281474976710655.000000	15.359167	7340	0.000000
281474976710655.000000	14.950744	7341	0.000000
281474976710655.000000	15.225381	7342	0.000000
281474976710655.000000	15.095272	7343	0.000000
281474976710655.000000	15.437491	7344	0.000000
281474976710655.000000	14.961322	7345	0.000000
281474976710655.000000	15.541225	7346	0.000000
281474976710655.000000	14.650226	7347	0.000000
281474976710655.000000	15.535338	7348	0.000000
281474976710655.000000	14.705265	7349	0.000000
281474976710655.000000	15.161965	7350	0.000000
281474976710655.000000	15.023150	7351	0.000000
281474976710655.000000	15.500175	7352	0.000000
281474976710655.000000	15.151112	7353	0.000000
281474976710655.000000	15.589318	7354	0.000000
281474976710655.000000	14.578283	7355	0.000000
281474976710655.000000	15.464302	7356	0.000000
281474976710655.000000	14.436399	7357	0.000000
281474976710655.000000	15.500664	7358	0.000000
281474976710655.000000	14.423613	7359	0.000000
281474976710655.000000	15.239753	7360	0.000000
281474976710655.000000	14.319519	7361	0.000000
281474976710655.000000	14.815880	7362	0.000000
281474976710655.000000	14.807088	7363	0.000000
281474976710655.000000	15.039725	7364	0.000000
281474976710655.000000	14.546615	7365	0.000000
281474976710655.000000	15.105712	7366	0.000000
281474976710655.000000	14.778649	7367	0.000000
281474976710655.000000	15.090259	7368	0.000000
281474976710655.000000	14.706777	7369	0.000000
281474976710655.000000	15.603211	7370	0.000000
281474976710655.000000	14.582172	7371	0.000000
281474976710655.000000	14.870157	7372	0.000000
281474976710655.000000	14.542853	7373	0.000000
281474976710655.000000	14.593565	7374	0.000000
281474976710655.000000	14.446853	7375	0.000000
281474976710655.000000	14.592502	7376	0.000000
281474976710655.000000	14.577978	7377	0.000000
281474976710655.000000	14.940301	7378	0.000000
281474976710655.000000	14.316529	7379	0.000000
281474976710655.000000	15.098594	7380	0.000000
281474976710655.000000	13.911499	7381	0.000000
281474976710655.000000	15.031100	7382	0.000000
281474976710655.000000	14.222303	7383	0.000000
281474976710655.000000	14.647966	7384	0.000000
281474976710655.000000	14.494122	7385	0.000000
281474976710655.000000	14.975129	7386	0.000000
281474976710655.000000	14.283350	7387	0.000000
281474976710655.000000	14.606297	7388	0.000000
281474976710655.000000	14.511475	7389	0.000000
281474976710655.000000	14.645190	7390	0.000000
281474976710655.000000	13.684487	7391	0.000000
281474976710655.000000	14.467784	7392	0.000000
281474976710655.000000	14.168730	7393	0.000000
281474976710655.000000	14.765737	7394	0.000000
281474976710655.000000	14.134434	7395	0.000000
281474976710655.000000	14.319319	7396	0.000000
281474976710655.000000	13.896906	7397	0.000000
281474976710655.000000	14.633851	7398	0.000000
281474976710655.000000	13.993899	7399	0.000000
281474976710655.000000	14.552811	7400	0.000000
281474976710655.000000	13.716108	7401	0.000000
281474976710655.000000	14.535439	7402	0.000000
281474976710655.000000	14.058766	7403	0.000000
281474976710655.000000	14.415834	7404	0.000000
281474976710655.000000	13.634610	7405	0.000000
281474976710655.000000	14.217307	7406	0.000000
281474976710655.000000	13.425982	7407	0.000000
281474976710655.000000	14.505149	7408	0.000000
281474976710655.000000	13.657141	7409	0.000000
281474976710655.000000	14.141509	7410	0.000000
281474976710655.000000	14.096051	7411	0.000000
281474976710655.000000	14.158256	7412	0.000000
281474976710655.000000	13.855250	7413	0.000000
281474976710655.000000	14.033474	7414	0.000000
281474976710655.000000	13.881826	7415	0.000000
281474976710655.000000	14.461955	7416	0.000000
281474976710655.000000	13.516856	7417	0.000000
281474976710655.000000	14.061323	7418	0.000000
281474976710655.000000	13.928084	7419	0.000000
281474976710655.000000	13.943501	7420	0.000000
281474976710655.000000	13.575395	7421	0.000000
281474976710655.000000	13.652393	7422	0.000000
281474976710655.000000	13.571172	7423	0.000000
281474976710655.000000	13.768382	7424	0.000000
281474976710655.000000	13.740209	7425	0.000000
281474976710655.000000	13.816567	7426	0.000000
281474976710655.000000	13.517824	7427	0.000000
281474976710655.000000	13.998683	7428	0.000000
281474976710655.000000	13.159073	7429	0.000000
281474976710655.000000	13.829706	7430	0.000000
281474976710655.000000	13.166282	7431	0.000000
281474976710655.000000	13.759876	7432	0.000000
281474976710655.000000	13.136003	7433	0.000000
281474976710655.000000	14.143133	7434	0.000000
281474976710655.000000	13.051862	7435	0.000000
281474976710655.000000	13.363793	7436	0.000000
281474976710655.000000	13.431446	7437	0.000000
281474976710655.000000	14.002112	7438	0.000000
281474976710655.000000	13.064579	7439	0.000000
281474976710655.000000	14.005884	7440	0.000000
281474976710655.000000	13.471302	7441	0.000000
281474976710655.000000	13.444528	7442	0.000000
281474976710655.000000	13.399954	7443	0.000000
281474976710655.000000	13.584628	7444	0.000000
281474976710655.000000	13.175693	7445	0.000000
281474976710655.000000	13.556626	7446	0.000000
281474976710655.000000	13.015927	7447	0.000000
281474976710655.000000	13.812279	7448	0.000000
281474976710655.000000	12.790852	7449	0.000000
281474976710655.000000	13.288237	7450	0.000000
281474976710655.000000	12.854459	7451	0.000000
281474976710655.000000	13.723802	7452	0.000000
281474976710655.000000	12.935062	7453	0.000000
281474976710655.000000	13.955818	7454	0.000000
281474976710655.000000	13.038850	7455	0.000000
281474976710655.000000	13.521771	7456	0.000000
281474976710655.000000	13.024047	7457	0.000000
281474976710655.000000	13.017851	7458	0.000000
281474976710655.000000	13.321715	7459	0.000000
281474976710655.000000	13.174419	7460	0.000000
281474976710655.000000	13.039475	7461	0.000000
281474976710655.000000	13.343942	7462	0.000000
281474976710655.000000	12.830218	7463	0.000000
281474976710655.000000	13.765089	7464	0.000000
281474976710655.000000	12.364181	7465	0.000000
281474976710655.000000	13.247935	7466	0.000000
281474976710655.000000	12.710360	7467	0.000000
281474976710655.000000	13.241613	7468	0.000000
281474976710655.000000	12.497891	7469	0.000000
281474976710655.000000	13.296229	7470	0.000000
281474976710655.000000	12.536437	7471	0.000000
281474976710655.000000	13.342382	7472	0.000000
281474976710655.000000	12.661278	7473	0.000000
281474976710655.000000	13.264935	7474	0.000000
281474976710655.000000	12.629035	7475	0.000000
281474976710655.000000	13.002020	7476	0.000000
281474976710655.000000	12.374496	7477	0.000000
281474976710655.000000	13.167441	7478	0.000000
281474976710655.000000	12.550211	7479	0.000000
281474976710655.000000	13.068643	7480	0.000000
281474976710655.000000	12.556728	7481	0.000000
281474976710655.000000	13.083408	7482	0.000000
281474976710655.000000	12.694357	7483	0.000000
281474976710655.000000	12.913841	7484	0.000000
281474976710655.000000	12.269336	7485	0.000000
281474976710655.000000	12.838979	7486	0.000000
281474976710655.000000	12.366610	7487	0.000000
281474976710655.000000	12.778527	7488	0.000000
281474976710655.000000	12.288438	7489	0.000000
281474976710655.000000	13.083672	7490	0.000000
281474976710655.000000	12.471901	7491	0.000000
281474976710655.000000	12.826050	7492	0.000000
281474976710655.000000	12.441020	7493	0.000000
281474976710655.000000	12.463766	7494	0.000000
281474976710655.000000	12.323370	7495	0.000000
281474976710655.000000	13.104321	7496	0.000000
281474976710655.000000	11.988028	7497	0.000000
281474976710655.000000	13.190988	7498	0.000000
281474976710655.000000	12.433152	7499	0.000000
281474976710655.000000	12.797270	7500	0.000000
281474976710655.000000	12.077725	7501	0.000000
281474976710655.000000	12.922420	7502	0.000000
281474976710655.000000	12.082430	7503	0.000000
281474976710655.000000	12.631371	7504	0.000000
281474976710655.000000	12.216615	7505	0.000000
281474976710655.000000	12.528959	7506	0.000000
281474976710655.000000	12.384439	7507	0.000000
281474976710655.000000	12.589832	7508	0.000000
281474976710655.000000	12.107659	7509	0.000000
281474976710655.000000	12.683671	7510	0.000000
281474976710655.000000	12.021474	7511	0.000000
281474976710655.000000	12.546337	7512	0.000000
281474976710655.000000	12.246032	7513	0.000000
281474976710655.000000	12.664862	7514	0.000000
281474976710655.000000	12.301543	7515	0.000000
281474976710655.000000	12.478292	7516	0.000000
281474976710655.000000	12.144933	7517	0.000000
281474976710655.000000	12.371917	7518	0.000000
281474976710655.000000	11.811788	7519	0.000000
281474976710655.000000	12.306470	7520	0.000000
281474976710655.000000	11.825024	7521	0.000000
281474976710655.000000	12.216962	7522	0.000000
281474976710655.000000	11.741831	7523	0.000000
281474976710655.000000	12.497817	7524	0.000000
281474976710655.000000	11.805224	7525	0.000000
281474976710655.000000	12.042110	7526	0.000000
281474976710655.000000	11.871864	7527	0.000000
281474976710655.000000	11.952187	7528	0.000000
281474976710655.000000	11.853892	7529	0.000000
281474976710655.000000	12.231794	7530	0.000000
281474976710655.000000	11.810509	7531	0.000000
281474976710655.000000	12.482328	7532	0.000000
281474976710655.000000	11.596521	7533	0.000000
281474976710655.000000	12.193259	7534	0.000000
281474976710655.000000	11.711567	7535	0.000000
281474976710655.000000	12.051625	7536	0.000000
281474976710655.000000	11.547719	7537	0.000000
281474976710655.000000	11.875587	7538	0.000000
281474976710655.000000	11.705951	7539	0.000000
281474976710655.000000	12.263659	7540	0.000000
281474976710655.000000	11.579439	7541	0.000000
281474976710655.000000	12.183233	7542	0.000000
281474976710655.000000	11.495602	7543	0.000000
281474976710655.000000	12.295777	7544	0.000000
281474976710655.000000	11.405018	7545	0.000000
281474976710655.000000	12.148752	7546	0.000000
281474976710655.000000	11.725904	7547	0.000000
281474976710655.000000	12.086292	7548	0.000000
281474976710655.000000	11.407560	7549	0.000000
281474976710655.000000	11.737799	7550	0.000000
281474976710655.000000	11.464849	7551	0.000000
281474976710655.000000	11.933676	7552	0.000000
281474976710655.000000	11.576732	7553	0.000000
281474976710655.000000	11.872728	7554	0.000000
281474976710655.000000	11.639235	7555	0.000000
281474976710655.000000	11.866569	7556	0.000000
281474976710655.000000	11.528124	7557	0.000000
281474976710655.000000	11.954855	7558	0.000000
281474976710655.000000	11.278708	7559	0.000000
281474976710655.000000	11.981794	7560	0.000000
281474976710655.000000	11.586754	7561	0.000000
281474976710655.000000	11.644708	7562	0.000000
281474976710655.000000	11.520131	7563	0.000000
281474976710655.000000	11.708862	7564	0.000000
281474976710655.000000	11.345805	7565	0.000000
281474976710655.000000	11.640260	7566	0.000000
281474976710655.000000	11.336166	7567	0.000000
281474976710655.000000	11.864250	7568	0.000000
281474976710655.000000	11.220433	7569	0.000000
281474976710655.000000	11.693938	7570	0.000000
281474976710655.000000	11.130112	7571	0.000000
281474976710655.000000	11.489435	7572	0.000000
281474976710655.000000	11.094991	7573	0.000000
281474976710655.000000	11.544170	7574	0.000000
281474976710655.000000	11.103984	7575	0.000000
281474976710655.000000	11.311171	7576	0.000000
281474976710655.000000	11.161138	7577	0.000000
281474976710655.000000	11.332457	7578	0.000000
281474976710655.000000	10.957201	7579	0.000000
281474976710655.000000	11.652080	7580	0.000000
281474976710655.000000	10.918121	7581	0.000000
281474976710655.000000	11.468903	7582	0.000000
281474976710655.000000	10.964047	7583	0.000000
281474976710655.000000	11.559500	7584	0.000000
281474976710655.000000	10.967873	7585	0.000000
281474976710655.000000	11.549557	7586	0.000000
281474976710655.000000	10.894341	7587	0.000000
281474976710655.000000	11.185227	7588	0.000000
281474976710655.000000	11.035933	7589	0.000000
281474976710655.000000	11.420292	7590	0.000000
281474976710655.000000	10.852038	7591	0.000000
281474976710655.000000	11.168507	7592	0.000000
281474976710655.000000	10.967321	7593	0.000000
281474976710655.000000	11.296102	7594	0.000000
281474976710655.000000	10.774130	7595	0.000000
281474976710655.000000	11.161045	7596	0.000000
281474976710655.000000	10.827391	7597	0.000000
281474976710655.000000	11.235845	7598	0.000000
281474976710655.000000	10.804565	7599	0.000000
281474976710655.000000	11.022142	7600	0.000000
281474976710655.000000	10.814075	7601	0.000000
281474976710655.000000	11.022593	7602	0.000000
281474976710655.000000	10.832925	7603	0.000000
281474976710655.000000	11.308883	7604	0.000000
281474976710655.000000	10.591921	7605	0.000000
281474976710655.000000	11.261283	7606	0.000000
281474976710655.000000	10.514434	7607	0.000000
281474976710655.000000	11.055560	7608	0.000000
281474976710655.000000	10.641346	7609	0.000000
281474976710655.000000	10.839068	7610	0.000000
281474976710655.000000	10.944737	7611	0.000000
281474976710655.000000	10.898877	7612	0.000000
281474976710655.000000	10.679279	7613	0.000000
281474976710655.000000	11.042911	7614	0.000000
281474976710655.000000	10.662024	7615	0.000000
281474976710655.000000	11.178765	7616	0.000000
281474976710655.000000	10.503578	7617	0.000000
281474976710655.000000	11.022105	7618	0.000000
281474976710655.000000	10.524951	7619	0.000000
281474976710655.000000	10.823118	7620	0.000000
281474976710655.000000	10.538127	7621	0.000000
281474976710655.000000	10.919061	7622	0.000000
281474976710655.000000	10.425236	7623	0.000000
281474976710655.000000	10.715490	7624	0.000000
281474976710655.000000	10.539892	7625	0.000000
281474976710655.000000	11.029736	7626	0.000000
281474976710655.000000	10.372522	7627	0.000000
281474976710655.000000	10.796946	7628	0.000000
281474976710655.000000	10.291145	7629	0.000000
281474976710655.000000	10.741294	7630	0.000000
281474976710655.000000	10.466949	7631	0.000000
281474976710655.000000	10.652582	7632	0.000000
281474976710655.000000	10.502505	7633	0.000000
281474976710655.000000	10.864291	7634	0.000000
281474976710655.000000	10.316225	7635	0.000000
281474976710655.000000	10.684064	7636	0.000000
281474976710655.000000	10.257207	7637	0.000000
281474976710655.000000	10.560160	7638	0.000000
281474976710655.000000	10.051967	7639	0.000000
281474976710655.000000	10.670308	7640	0.000000
281474976710655.000000	10.088179	7641	0.000000
281474976710655.000000	10.485881	7642	0.000000
281474976710655.000000	10.288128	7643	0.000000
281474976710655.000000	10.478546	7644	0.000000
281474976710655.000000	10.157997	7645	0.000000
281474976710655.000000	10.325793	7646	0.000000
281474976710655.000000	10.186885	7647	0.000000
281474976710655.000000	10.501350	7648	0.000000
281474976710655.000000	10.054695	7649	0.000000
281474976710655.000000	10.514984	7650	0.000000
281474976710655.000000	9.856150	7651	0.000000
281474976710655.000000	10.536746	7652	0.000000
281474976710655.000000	10.067938	7653	0.000000
281474976710655.000000	10.336934	7654	0.000000
281474976710655.000000	10.112290	7655	0.000000
281474976710655.000000	10.445981	7656	0.000000
281474976710655.000000	10.201728	7657	0.000000
281474976710655.000000	10.280931	7658	0.000000
281474976710655.000000	10.160135	7659	0.000000
281474976710655.000000	10.379876	7660	0.000000
281474976710655.000000	10.048048	7661	0.000000
281474976710655.000000	10.218386	7662	0.000000
281474976710655.000000	9.980396	7663	0.000000
281474976710655.000000	10.379007	7664	0.000000
281474976710655.000000	9.796561	7665	0.000000
281474976710655.000000	10.233824	7666	0.000000
281474976710655.000000	9.951953	7667	0.000000
281474976710655.000000	10.357283	7668	0.000000
281474976710655.000000	9.994898	7669	0.000000
281474976710655.000000	9.973050	7670	0.000000
281474976710655.000000	9.771004	7671	0.000000
281474976710655.000000	10.213188	7672	0.000000
281474976710655.000000	9.817802	7673	0.000000
281474976710655.000000	10.225618	7674	0.000000
281474976710655.000000	9.701161	7675	0.000000
281474976710655.000000	10.034017	7676	0.000000
281474976710655.000000	9.698381	7677	0.000000
281474976710655.000000	9.913379	7678	0.000000
281474976710655.000000	9.643836	7679	0.000000
281474976710655.000000	9.922556	7680	0.000000
281474976710655.000000	9.728186	7681	0.000000
281474976710655.000000	10.103267	7682	0.000000
281474976710655.000000	9.685511	7683	0.000000
281474976710655.000000	10.057573	7684	0.000000
281474976710655.000000	9.732769	7685	0.000000
281474976710655.000000	10.048079	7686	0.000000
281474976710655.000000	9.566679	7687	0.000000
281474976710655.000000	10.118694	7688	0.000000
281474976710655.000000	9.677060	7689	0.000000
281474976710655.000000	9.885889	7690	0.000000
281474976710655.000000	9.593027	7691	0.000000
281474976710655.000000	9.886752	7692	0.000000
281474976710655.000000	9.588011	7693	0.000000
281474976710655.000000	9.824128	7694	0.000000
281474976710655.000000	9.500773	7695	0.000000
281474976710655.000000	9.733644	7696	0.000000
281474976710655.000000	9.498144	7697	0.000000
281474976710655.000000	9.737279	7698	0.000000
281474976710655.000000	9.463777	7699	0.000000
281474976710655.000000	9.880947	7700	0.000000
281474976710655.000000	9.397267	7701	0.000000
281474976710655.000000	9.758166	7702	0.000000
281474976710655.000000	9.317382	7703	0.000000
281474976710655.000000	9.837517	7704	0.000000
281474976710655.000000	9.419963	7705	0.000000
281474976710655.000000	9.563681	7706	0.000000
281474976710655.000000	9.421720	7707	0.000000
281474976710655.000000	9.545209	7708	0.000000
281474976710655.000000	9.235553	7709	0.000000
281474976710655.000000	9.631403	7710	0.000000
281474976710655.000000	9.272250	7711	0.000000
281474976710655.000000	9.606416	7712	0.000000
281474976710655.000000	9.379263	7713	0.000000
281474976710655.000000	9.468160	7714	0.000000
281474976710655.000000	9.281089	7715	0.000000
281474976710655.000000	9.518488	7716	0.000000
281474976710655.000000	9.248192	7717	0.000000
281474976710655.000000	9.602667	7718	0.000000
281474976710655.000000	9.212271	7719	0.000000
281474976710655.000000	9.590486	7720	0.000000
281474976710655.000000	9.221129	7721	0.000000
281474976710655.000000	9.734573	7722	0.000000
281474976710655.000000	9.159318	7723	0.000000
281474976710655.000000	9.622965	7724	0.000000
281474976710655.000000	9.158255	7725	0.000000
281474976710655.000000	9.405515	7726	0.000000
281474976710655.000000	9.050347	7727	0.000000
281474976710655.000000	9.187233	7728	0.000000
281474976710655.000000	9.122114	7729	0.000000
281474976710655.000000	9.363541	7730	0.000000
281474976710655.000000	9.052837	7731	0.000000
281474976710655.000000	9.344873	7732	0.000000
281474976710655.000000	9.013601	7733	0.000000
281474976710655.000000	9.519128	7734	0.000000
281474976710655.000000	9.116357	7735	0.000000
281474976710655.000000	9.378396	7736	0.000000
281474976710655.000000	9.092226	7737	0.000000
281474976710655.000000	9.401855	7738	0.000000
281474976710655.000000	8.985271	7739	0.000000
281474976710655.000000	9.135653	7740	0.000000
281474976710655.000000	8.935667	7741	0.000000
281474976710655.000000	9.149790	7742	0.000000
281474976710655.000000	9.088786	7743	0.000000
281474976710655.000000	9.317449	7744	0.000000
281474976710655.000000	8.900090	7745	0.000000
281474976710655.000000	9.168516	7746	0.000000
281474976710655.000000	8.896903	7747	0.000000
281474976710655.000000	9.261385	7748	0.000000
281474976710655.000000	8.776000	7749	0.000000
281474976710655.000000	9.167652	7750	0.000000
281474976710655.000000	8.873527	7751	0.000000
281474976710655.000000	9.110055	7752	0.000000
281474976710655.000000	8.727543	7753	0.000000
281474976710655.000000	8.917878	7754	0.000000
281474976710655.000000	8.881223	7755	0.000000
281474976710655.000000	9.072294	7756	0.000000
281474976710655.000000	8.865840	7757	0.000000
281474976710655.000000	8.924597	7758	0.000000
281474976710655.000000	8.819194	7759	0.000000
281474976710655.000000	9.029776	7760	0.000000
281474976710655.000000	8.690939	7761	0.000000
281474976710655.000000	9.082268	7762	0.000000
281474976710655.000000	8.696164	7763	0.000000
281474976710655.000000	9.041012	7764	0.000000
281474976710655.000000	8.676479	7765	0.000000
281474976710655.000000	8.909202	7766	0.000000
281474976710655.000000	8.788708	7767	0.000000
281474976710655.000000	8.915054	7768	0.000000
281474976710655.000000	8.778268	7769	0.000000
281474976710655.000000	8.911799	7770	0.000000
281474976710655.000000	8.633039	7771	0.000000
281474976710655.000000	8.928379	7772	0.000000
281474976710655.000000	8.559392	7773	0.000000
281474976710655.000000	8.862044	7774	0.000000
281474976710655.000000	8.595041	7775	0.000000
281474976710655.000000	8.780586	7776	0.000000
281474976710655.000000	8.608633	7777	0.000000
281474976710655.000000	8.803463	7778	0.000000
281474976710655.000000	8.437176	7779	0.000000
281474976710655.000000	8.654947	7780	0.000000
281474976710655.000000	8.657802	7781	0.000000
281474976710655.000000	8.867055	7782	0.000000
281474976710655.000000	8.520648	7783	0.000000
281474976710655.000000	8.631585	7784	0.000000
281474976710655.000000	8.483858	7785	0.000000
281474976710655.000000	8.709768	7786	0.000000
281474976710655.000000	8.438789	7787	0.000000
281474976710655.000000	8.732269	7788	0.000000
281474976710655.000000	8.623640	7789	0.000000
281474976710655.000000	8.537823	7790	0.000000
281474976710655.000000	8.399447	7791	0.000000
281474976710655.000000	8.515467	7792	0.000000
281474976710655.000000	8.485384	7793	0.000000
281474976710655.000000	8.795704	7794	0.000000
281474976710655.000000	8.383610	7795	0.000000
281474976710655.000000	8.575766	7796	0.000000
281474976710655.000000	8.342287	7797	0.000000
281474976710655.000000	8.595960	7798	0.000000
281474976710655.000000	8.315367	7799	0.000000
281474976710655.000000	8.499599	7800	0.000000
281474976710655.000000	8.357741	7801	0.000000
281474976710655.000000	8.612626	7802	0.000000
281474976710655.000000	8.202497	7803	0.000000
281474976710655.000000	8.586504	7804	0.000000
281474976710655.000000	8.182210	7805	0.000000
281474976710655.000000	8.608350	7806	0.000000
281474976710655.000000	8.196025	7807	0.000000
281474976710655.000000	8.456782	7808	0.000000
281474976710655.000000	8.213930	7809	0.000000
281474976710655.000000	8.459333	7810	0.000000
281474976710655.000000	8.366138	7811	0.000000
281474976710655.000000	8.382318	7812	0.000000
281474976710655.000000	8.062935	7813	0.000000
281474976710655.000000	8.408737	7814	0.000000
281474976710655.000000	8.096611	7815	0.000000
281474976710655.000000	8.536803	7816	0.000000
281474976710655.000000	8.256937	7817	0.000000
281474976710655.000000	8.537101	7818	0.000000
281474976710655.000000	8.195646	7819	0.000000
281474976710655.000000	8.422905	7820	0.000000
281474976710655.000000	8.087852	7821	0.000000
281474976710655.000000	8.221766	7822	0.000000
281474976710655.000000	8.119208	7823	0.000000
281474976710655.000000	8.137309	7824	0.000000
281474976710655.000000	7.974770	7825	0.000000
281474976710655.000000	8.308319	7826	0.000000
281474976710655.000000	8.105292	7827	0.000000
281474976710655.000000	8.304751	7828	0.000000
281474976710655.000000	7.962377	7829	0.000000
281474976710655.000000	8.302429	7830	0.000000
281474976710655.000000	7.976877	7831	0.000000
281474976710655.000000	8.148226	7832	0.000000
281474976710655.000000	7.961963	7833	0.000000
281474976710655.000000	8.201577	7834	0.000000
281474976710655.000000	7.952931	7835	0.000000
281474976710655.000000	8.219476	7836	0.000000
281474976710655.000000	7.949201	7837	0.000000
281474976710655.000000	8.022906	7838	0.000000
281474976710655.000000	7.857684	7839	0.000000
281474976710655.000000	8.180873	7840	0.000000
281474976710655.000000	7.793610	7841	0.000000
281474976710655.000000	8.071106	7842	0.000000
281474976710655.000000	7.898704	7843	0.000000
281474976710655.000000	7.966530	7844	0.000000
281474976710655.000000	7.816435	7845	0.000000
281474976710655.000000	7.982881	7846	0.000000
281474976710655.000000	7.822483	7847	0.000000
281474976710655.000000	7.962391	7848	0.000000
281474976710655.000000	7.851513	7849	0.000000
281474976710655.000000	7.958486	7850	0.000000
281474976710655.000000	7.756464	7851	0.000000
281474976710655.000000	7.849811	7852	0.000000
281474976710655.000000	7.608706	7853	0.000000
281474976710655.000000	7.900728	7854	0.000000
281474976710655.000000	7.689686	7855	0.000000
281474976710655.000000	7.846247	7856	0.000000
281474976710655.000000	7.865972	7857	0.000000
281474976710655.000000	7.740284	7858	0.000000
281474976710655.000000	7.546481	7859	0.000000
281474976710655.000000	7.859036	7860	0.000000
281474976710655.000000	7.652665	7861	0.000000
281474976710655.000000	7.884267	7862	0.000000
281474976710655.000000	7.541134	7863	0.000000
281474976710655.000000	7.809411	7864	0.000000
281474976710655.000000	7.634476	7865	0.000000
281474976710655.000000	7.781591	7866	0.000000
281474976710655.000000	7.593662	7867	0.000000
281474976710655.000000	7.779832	7868	0.000000
281474976710655.000000	7.649189	7869	0.000000
281474976710655.000000	7.693525	7870	0.000000
281474976710655.000000	7.602467	7871	0.000000
281474976710655.000000	7.719125	7872	0.000000
281474976710655.000000	7.514200	7873	0.000000
281474976710655.000000	7.740513	7874	0.000000
281474976710655.000000	7.473057	7875	0.000000
281474976710655.000000	7.730210	7876	0.000000
