num crossings	time (s)	maj axis (mm)	min axis (mm)	theta (rad )	slope (V/s)
2731	4103.018903	76.217033	-11.418200	1.406582	19.594808
2733	4105.093041	76.034050	-11.366977	1.404901	19.412667
2735	4107.167585	75.911666	-11.435197	1.402503	20.345298
2737	4109.241808	75.649588	-11.288061	1.402493	19.803594
2739	4111.316142	75.588418	-11.332538	1.400338	19.435386
2741	4113.390672	75.321168	-11.281808	1.399891	19.069085
2743	4115.465036	75.336740	-11.438505	1.396920	18.879200
2745	4117.539215	75.287617	-11.401985	1.396060	19.722528
2747	4119.613509	75.117568	-11.428931	1.395009	19.133654
2749	4121.687929	75.058771	-11.520277	1.393297	19.692107
2751	4123.762045	75.000444	-11.552359	1.391110	19.497793
2753	4125.836225	75.065563	-11.703438	1.388885	19.330619
2755	4127.910403	74.803970	-11.693263	1.385866	19.980285
2757	4129.984320	74.767778	-11.718768	1.385504	19.739885
2759	4132.058904	74.621775	-11.711883	1.383838	19.259496
2761	4134.133251	74.511597	-11.654836	1.382932	18.407810
2763	4136.207803	74.438884	-11.817596	1.380728	18.604208
2765	4138.281968	74.206154	-11.707871	1.378780	18.966885
2767	4140.356335	74.215502	-11.856351	1.375753	18.711247
2769	4142.430212	73.955405	-11.782813	1.373886	19.028987
2771	4144.505314	73.897555	-11.708721	1.374052	18.701790
2773	4146.579814	73.716871	-11.829772	1.370979	19.008832
2775	4148.654019	73.597755	-11.792455	1.369465	18.675542
2777	4150.729164	73.571542	-11.857460	1.367748	18.723093
2779	4152.803564	73.308545	-11.841720	1.365134	19.274786
2781	4154.878759	73.421672	-11.983154	1.363037	17.918659
2783	4156.952815	73.281387	-11.942564	1.361298	18.622978
2785	4159.028021	73.220122	-12.004779	1.359772	17.925747
2787	4161.102043	73.169905	-12.099102	1.356910	18.527685
2789	4163.176637	73.085276	-12.072481	1.356216	18.613277
2791	4165.251364	72.854482	-12.008308	1.353917	18.351265
2793	4167.325916	70.616243	-9.600732	1.354828	18.075147
2795	4169.400106	70.722607	-9.678549	1.352752	18.454323
2797	4171.474639	72.599611	-12.106303	1.347767	18.166569
2799	4173.549218	72.445579	-12.110420	1.345850	19.078542
2801	4175.623442	72.262257	-12.022737	1.344724	17.968190
2803	4177.698109	72.220713	-12.099499	1.342643	18.034274
2805	4179.772201	70.194638	-9.805056	1.344072	18.240516
2807	4181.846647	71.776735	-12.003184	1.338484	18.246370
2809	4183.921124	71.730339	-12.073300	1.337215	17.866909
2811	4185.995725	71.593195	-12.069546	1.335765	17.803344
2813	4188.070000	71.666917	-12.183853	1.333783	18.202137
2815	4190.144205	71.648029	-12.289016	1.331554	17.416851
2817	4192.218474	71.475520	-12.182819	1.329936	17.138429
2819	4194.292817	71.201149	-12.147496	1.328134	17.620628
2821	4196.367323	71.188898	-12.206532	1.326157	17.155073
2823	4198.441165	71.299115	-12.370430	1.324909	17.122080
2825	4200.515812	71.169283	-12.351585	1.323003	17.425412
2827	4202.589782	70.930519	-12.312072	1.321465	17.654461
2829	4204.664133	70.991352	-12.418169	1.319769	17.517607
2831	4206.737710	70.981515	-12.436014	1.318232	17.770315
2833	4208.812048	70.807094	-12.389089	1.316138	17.669080
2835	4210.886548	70.654123	-12.359022	1.314972	17.525109
2837	4212.960661	70.428252	-12.392753	1.312357	17.342256
2839	4215.035269	70.442270	-12.445210	1.310829	17.162677
2841	4217.109448	70.381268	-12.385136	1.309474	17.094332
2843	4219.184339	70.173416	-12.378804	1.307032	17.090384
2845	4221.259030	69.987740	-12.354307	1.304523	16.716790
2847	4223.333574	69.803810	-12.318694	1.303395	17.058880
2849	4225.408548	69.753943	-12.385556	1.300974	16.603833
2851	4227.482575	69.809043	-12.414911	1.300326	16.503283
2853	4229.557117	69.651314	-12.409513	1.297852	17.305172
2855	4231.631619	69.471381	-12.345578	1.295707	17.163645
2857	4233.706161	69.356458	-12.337680	1.293407	16.733160
2859	4235.780746	67.372277	-10.207090	1.295476	16.228340
2861	4237.855163	67.465108	-10.230244	1.293428	16.178147
2863	4239.930063	67.221490	-10.226215	1.291841	16.378747
2865	4242.004156	67.188298	-10.256376	1.289593	16.940417
2867	4244.078320	67.156559	-10.290711	1.287871	16.300501
2869	4246.153104	66.840288	-10.244180	1.286043	16.439838
2871	4248.227152	66.848430	-10.276903	1.284578	16.613248
2873	4250.301868	66.922102	-10.318000	1.282389	16.737006
2875	4252.376494	66.572838	-10.292003	1.279997	16.331427
2877	4254.450771	66.602400	-10.345553	1.278130	15.964998
2879	4256.525260	66.586581	-10.374941	1.276132	16.050746
2881	4258.599157	66.473728	-10.407387	1.274212	16.168966
2883	4260.674079	66.333860	-10.394613	1.272959	16.134584
2885	4262.747997	66.332099	-10.459618	1.270829	16.325910
2887	4264.822642	66.139349	-10.435990	1.269522	15.928363
2889	4266.896625	66.098368	-10.491002	1.267306	16.258491
2891	4268.971014	67.734309	-12.593840	1.261845	15.604478
2893	4271.045241	65.872270	-10.534758	1.263533	16.202305
2895	4273.119615	67.492433	-12.625822	1.257696	15.771271
2897	4275.193803	67.167570	-12.500651	1.255870	16.161055
2899	4277.267806	65.429772	-10.575763	1.258106	16.061221
2901	4279.342461	67.186224	-12.709491	1.252344	15.415991
2903	4281.416366	67.165507	-12.683627	1.250438	15.492374
2905	4283.490505	66.912222	-12.692931	1.248260	15.544341
2907	4285.565200	66.752421	-12.547817	1.246806	15.645393
2909	4287.639343	66.811107	-12.622198	1.245708	15.432512
2911	4289.713785	66.549574	-12.574569	1.243111	15.040496
2913	4291.788264	64.864276	-10.655840	1.245668	15.480334
2915	4293.862550	66.286859	-12.563214	1.239489	15.652239
2917	4295.936688	66.318961	-12.597263	1.237975	15.657810
2919	4298.011405	64.675713	-10.659478	1.239795	14.853971
2921	4300.086037	64.612580	-10.685379	1.237361	15.707018
2923	4302.160847	64.341250	-10.636893	1.236354	15.229264
2925	4304.235189	64.381887	-10.680579	1.233914	15.238487
2927	4306.310105	64.275886	-10.684580	1.231842	14.995962
2929	4308.383906	64.192331	-10.714268	1.229532	15.062401
2931	4310.458492	64.058043	-10.700136	1.228080	14.681582
2933	4312.532739	64.053591	-10.746023	1.225861	14.889487
2935	4314.607398	63.746538	-10.711071	1.224866	14.546492
2937	4316.681725	63.986670	-10.746324	1.222032	15.355310
2939	4318.756266	63.684191	-10.730457	1.220815	14.975329
2941	4320.829919	63.609504	-10.774215	1.217995	14.676956
2943	4322.904529	63.527767	-10.775709	1.217629	15.325644
2945	4324.979011	63.589231	-10.786668	1.214730	14.771614
2947	4327.053650	63.333280	-10.799780	1.212945	14.578631
2949	4329.128025	63.217217	-10.800342	1.211848	14.601952
2951	4331.202383	63.177522	-10.827691	1.209723	14.383174
2953	4333.275772	63.015301	-10.824318	1.208029	14.274015
2955	4335.351120	63.030943	-10.826355	1.206409	14.420793
2957	4337.424684	62.860539	-10.872344	1.204353	15.094612
2959	4339.499634	62.885199	-10.880337	1.201702	14.410708
2961	4341.572987	62.670429	-10.885188	1.200398	14.405994
2963	4343.647739	62.552673	-10.867040	1.198823	14.388709
2965	4345.721667	62.518233	-10.911512	1.196540	13.987175
2967	4347.796071	62.601775	-10.916206	1.195062	13.960349
2969	4349.870136	62.562198	-10.985355	1.192781	13.969076
2971	4351.944424	62.337715	-10.949981	1.191602	14.495164
2973	4354.019324	62.404345	-11.044331	1.188545	13.699902
2975	4356.093199	62.229029	-11.022115	1.187719	14.054482
2977	4358.167720	62.019622	-10.996851	1.185379	14.133914
2979	4360.241976	62.016215	-11.045184	1.183225	14.550997
2981	4362.316644	61.748057	-11.018947	1.181975	13.980578
2983	4364.391359	61.892959	-11.061405	1.179752	14.213514
2985	4366.465427	61.685652	-11.046898	1.177734	14.166249
2987	4368.540043	61.587476	-11.065772	1.175551	13.359073
2989	4370.614281	61.452870	-11.059730	1.173517	14.209987
2991	4372.688947	61.519433	-11.068458	1.171592	14.234650
2993	4374.763171	61.360471	-11.069958	1.169455	13.596488
2995	4376.837888	61.282920	-11.089332	1.167134	13.660936
2997	4378.912680	61.122946	-11.059866	1.165519	13.649538
2999	4380.986457	61.124259	-11.091267	1.163059	13.307785
3001	4383.060786	60.900235	-11.086786	1.161268	13.911852
3003	4385.135194	60.842624	-11.083334	1.159994	13.794924
3005	4387.209690	60.738098	-11.101354	1.157932	13.473853
3007	4389.284403	60.728275	-11.083183	1.155779	13.570254
3009	4391.358015	60.630028	-11.114700	1.153990	13.841140
3011	4393.432862	60.605365	-11.136345	1.151844	13.666205
3013	4395.507213	60.496185	-11.118709	1.150410	13.376330
3015	4397.580938	60.489241	-11.151818	1.148478	13.046452
3017	4399.655560	60.229629	-11.124363	1.147045	13.325630
3019	4401.729779	60.321836	-11.135071	1.144398	13.040921
3021	4403.804416	60.105770	-11.135465	1.143338	13.374686
3023	4405.879081	60.172536	-11.145333	1.140779	13.204421
3025	4407.952633	60.047664	-11.138902	1.139222	13.390542
3027	4410.027882	59.963529	-11.155803	1.137179	13.591837
3029	4412.102045	59.752805	-11.144340	1.135912	13.362847
3031	4414.176145	59.743173	-11.165310	1.133645	13.079592
3033	4416.250698	59.631194	-11.160425	1.131283	12.591820
3035	4418.324305	59.760261	-11.209468	1.128687	12.917797
3037	4420.398360	59.541239	-11.218977	1.127271	12.644179
3039	4422.473347	59.315097	-11.186995	1.125465	13.219137
3041	4424.546826	59.369975	-11.227473	1.124101	13.115961
3043	4426.621977	59.221709	-11.209991	1.121600	12.763642
3045	4428.695995	59.116620	-11.208266	1.120184	12.494288
3047	4430.770040	59.281303	-11.261125	1.117099	12.856394
3049	4432.845032	59.057361	-11.252339	1.115851	12.607603
3051	4434.918901	59.009326	-11.227771	1.113628	12.340769
3053	4436.992944	58.780064	-11.230369	1.111343	12.919481
3055	4439.068089	58.820126	-11.232082	1.109586	12.536120
3057	4441.142529	58.759986	-11.239860	1.106939	12.348822
3059	4443.216695	58.586776	-11.241807	1.105824	12.047105
3061	4445.291269	58.527902	-11.246950	1.103777	12.574701
3063	4447.365021	58.562098	-11.250540	1.101406	12.706861
3065	4449.439486	58.303519	-11.250749	1.100131	12.058698
3067	4451.513889	58.276026	-11.246754	1.098207	12.521391
3069	4453.588528	58.382952	-11.276838	1.095196	12.179994
3071	4455.663100	58.189357	-11.253499	1.094296	12.438602
3073	4457.736472	58.059769	-11.252644	1.091898	12.305576
3075	4459.811738	58.051121	-11.233875	1.090139	11.794440
3077	4461.885451	58.025947	-11.264019	1.088056	12.372040
3079	4463.960468	57.935064	-11.232933	1.086381	12.302749
3081	4466.033825	57.780565	-11.241987	1.085561	12.336091
3083	4468.108562	57.596012	-11.204016	1.083374	12.565210
3085	4470.183038	57.642715	-11.231228	1.081687	11.815766
3087	4472.256959	57.548532	-11.236922	1.078976	11.995687
3089	4474.331105	57.506410	-11.264587	1.076615	12.038492
3091	4476.405083	57.464083	-11.272950	1.075019	12.470544
3093	4478.480329	57.234479	-11.237735	1.074243	11.693247
3095	4480.554353	57.231764	-11.251524	1.071388	11.974210
3097	4482.628499	57.091428	-11.231045	1.070177	12.036379
3099	4484.702244	57.131391	-11.233599	1.067824	12.037237
3101	4486.777141	57.029418	-11.220976	1.066179	11.951795
3103	4488.850760	56.949320	-11.249574	1.064802	12.156301
3105	4490.925750	56.859312	-11.203895	1.063537	12.457437
3107	4492.999226	56.801366	-11.210166	1.060904	12.082084
3109	4495.074193	56.626038	-11.225581	1.058429	11.885906
3111	4497.148119	56.714702	-11.244534	1.056234	11.441705
3113	4499.222152	56.649853	-11.235392	1.054388	11.208708
3115	4501.296770	56.454307	-11.210689	1.053229	11.714559
3117	4503.370790	56.458130	-11.188263	1.050901	11.520978
3119	4505.444993	56.445581	-11.204602	1.047835	11.584340
3121	4507.520028	56.310265	-11.184006	1.046798	11.126491
3123	4509.593957	56.256050	-11.188184	1.044467	11.361800
3125	4511.667796	56.255625	-11.203192	1.042263	11.521985
3127	4513.742006	55.957086	-11.167242	1.040796	11.880588
3129	4515.817016	55.895012	-11.140782	1.039262	11.278264
3131	4517.890808	55.976569	-11.171506	1.036865	11.426920
3133	4519.965708	55.927921	-11.149185	1.035219	11.443104
3135	4522.039322	55.813708	-11.131808	1.032836	11.167169
3137	4524.114619	55.683092	-11.125526	1.031280	11.034310
3139	4526.188460	55.563867	-11.097423	1.029652	11.671500
3141	4528.263245	55.534882	-11.101576	1.027436	11.467120
3143	4530.337341	55.500810	-11.083773	1.025346	11.542413
3145	4532.411262	55.347723	-11.065775	1.023656	11.242248
3147	4534.485262	55.310797	-11.049966	1.022433	11.103473
3149	4536.559665	55.253553	-11.049357	1.019914	11.249983
3151	4538.634134	55.215163	-11.023597	1.017945	11.241093
3153	4540.708309	55.201338	-11.016339	1.016445	11.099005
3155	4542.782284	54.969704	-10.982830	1.015001	10.978408
3157	4544.857014	54.898632	-10.989360	1.013392	11.106826
3159	4546.931537	54.900557	-10.993745	1.011406	10.827170
3161	4549.005369	54.834856	-10.969792	1.009361	10.877506
3163	4551.080154	54.885946	-11.006676	1.006459	11.465337
3165	4553.153862	54.690881	-10.982881	1.005595	10.747803
3167	4555.228578	54.654811	-10.961693	1.004202	10.569330
3169	4557.302697	54.527880	-10.967998	1.001835	10.772968
3171	4559.377280	54.542226	-10.958443	1.000888	10.854052
3173	4561.450689	54.321258	-10.926736	0.999794	10.191944
3175	4563.525747	54.548410	-10.956177	0.996472	10.967049
3177	4565.599654	54.338325	-10.936628	0.995146	10.552940
3179	4567.673246	54.240810	-10.925717	0.993974	10.773760
3181	4569.748016	54.103238	-10.893402	0.992675	10.821407
3183	4571.821987	54.101574	-10.909803	0.990409	10.513027
3185	4573.896209	53.962114	-10.867506	0.988618	10.298351
3187	4575.970776	53.860268	-10.869561	0.987316	10.664623
3189	4578.044792	53.816405	-10.866730	0.985404	10.390994
3191	4580.118735	53.709952	-10.839033	0.984228	10.222021
3193	4582.192662	53.657630	-10.842786	0.981723	10.503901
3195	4584.268176	53.679217	-10.819107	0.979152	10.522541
3197	4586.341806	53.560768	-10.815400	0.977622	10.310149
3199	4588.416016	53.444549	-10.806089	0.975940	10.297884
3201	4590.490662	53.322369	-10.764251	0.974570	10.112874
3203	4592.564403	53.484730	-10.811902	0.971587	10.009596
3205	4594.639294	53.213335	-10.740540	0.971007	10.231846
3207	4596.713339	53.141935	-10.751057	0.967937	10.389968
3209	4598.788342	53.074861	-10.711054	0.966710	10.105960
3211	4600.861847	53.085786	-10.718481	0.964503	9.931269
3213	4602.936153	52.931958	-10.702296	0.963533	10.258616
3215	4605.009820	52.856849	-10.688059	0.961113	10.355880
3217	4607.084870	52.855519	-10.685867	0.958496	10.304826
3219	4609.159402	52.775497	-10.672778	0.957142	10.206943
3221	4611.232950	52.657477	-10.665110	0.954909	10.137327
3223	4613.307637	52.651708	-10.672753	0.953290	9.560446
3225	4615.381373	52.644709	-10.665269	0.951647	9.817286
3227	4617.456138	52.430030	-10.649039	0.949820	10.245466
3229	4619.530630	52.403545	-10.641841	0.948197	9.718328
3231	4621.605258	52.372491	-10.643244	0.946278	10.070696
3233	4623.678986	52.303047	-10.622549	0.944358	10.125216
3235	4625.753486	52.233221	-10.599799	0.943723	9.572362
3237	4627.827170	52.027997	-10.597581	0.941716	9.703946
3239	4629.901708	52.146079	-10.617109	0.938466	10.013025
3241	4631.976509	52.065042	-10.591631	0.937361	9.873573
3243	4634.050800	51.946682	-10.573368	0.935880	9.772719
3245	4636.124480	51.990712	-10.575781	0.933394	9.851407
3247	4638.198876	51.779870	-10.532707	0.932848	9.536042
3249	4640.273120	51.784501	-10.543512	0.930020	9.840351
3251	4642.346996	51.669284	-10.511316	0.929101	9.767445
3253	4644.420645	51.648904	-10.495321	0.927305	9.397585
3255	4646.496290	51.587328	-10.464725	0.926241	9.553637
3257	4648.570420	51.620454	-10.473380	0.923876	9.962636
3259	4650.644156	51.489324	-10.430690	0.922807	9.196067
3261	4652.717929	51.484649	-10.433725	0.920282	9.155123
3263	4654.792621	51.251323	-10.375687	0.919421	9.381676
3265	4656.866469	51.296151	-10.385875	0.917665	9.621879
3267	4658.940280	51.285505	-10.380012	0.914890	9.637565
3269	4661.015253	51.140957	-10.335806	0.913320	9.463868
3271	4663.089927	51.106735	-10.338793	0.911338	9.356797
3273	4665.164332	50.915572	-10.302078	0.910399	9.147221
3275	4667.237467	50.929951	-10.307606	0.908301	9.352495
3277	4669.312897	50.793219	-10.261509	0.906162	9.247399
3279	4671.386526	50.848135	-10.255671	0.904099	9.314260
3281	4673.460753	50.588141	-10.229468	0.902701	9.429425
3283	4675.534498	50.689539	-10.221971	0.900398	9.312644
3285	4677.609259	50.694057	-10.204812	0.899668	9.036130
3287	4679.683065	50.554285	-10.165083	0.898535	9.240486
3289	4681.757276	50.584240	-10.168215	0.896478	9.200513
3291	4683.831258	50.460954	-10.123785	0.895373	8.994891
3293	4685.906027	50.359598	-10.099936	0.893882	9.450655
3295	4687.979965	50.421649	-10.101091	0.891636	9.286155
3297	4690.055148	50.329445	-10.060333	0.890226	8.910521
3299	4692.128348	50.167516	-10.044305	0.888922	9.053847
3301	4694.202932	50.174699	-10.044621	0.886863	9.510880
3303	4696.276497	50.000312	-9.989584	0.885654	9.082860
3305	4698.351437	50.001991	-9.996734	0.883405	8.912573
3307	4700.426013	49.961997	-9.958292	0.882525	8.896146
3309	4702.499142	50.015861	-9.975165	0.879714	8.666994
3311	4704.573997	49.861497	-9.906024	0.878787	9.139122
3313	4706.648453	49.738199	-9.908658	0.876276	8.808599
3315	4708.722282	49.693584	-9.882201	0.874975	9.019530
3317	4710.796457	49.604356	-9.858252	0.873489	8.951770
3319	4712.871818	49.665875	-9.875250	0.871754	8.609914
3321	4714.945115	49.618474	-9.862498	0.870445	8.841586
3323	4717.019207	49.564909	-9.848328	0.868814	8.569991
3325	4719.093053	49.388936	-9.796666	0.866930	8.640790
3327	4721.167701	49.394511	-9.821654	0.864983	8.777669
3329	4723.241719	49.199343	-9.760667	0.863835	8.503456
3331	4725.315886	49.344546	-9.797059	0.861296	9.001297
3333	4727.390596	49.133984	-9.745116	0.859978	8.441189
3335	4729.464482	49.055252	-9.703218	0.858598	8.676042
3337	4731.538620	49.110618	-9.732151	0.856493	8.288384
3339	4733.612136	49.070761	-9.696340	0.855289	8.832218
3341	4735.687121	48.994029	-9.663412	0.853624	8.537412
3343	4737.761586	48.960625	-9.639523	0.852178	8.529983
3345	4739.835722	48.849130	-9.590777	0.850882	8.157443
3347	4741.909553	48.859064	-9.593591	0.848556	8.099684
3349	4743.984380	48.786767	-9.578497	0.846363	8.201424
3351	4746.057757	48.722999	-9.550950	0.845494	8.488642
3353	4748.132382	48.689989	-9.532264	0.843276	8.331723
3355	4750.207097	48.507225	-9.468397	0.842406	8.338827
3357	4752.280516	48.450471	-9.454412	0.840758	8.564767
3359	4754.355431	48.399640	-9.412568	0.839429	8.244458
3361	4756.429146	48.307814	-9.379974	0.837899	8.264881
3363	4758.502597	48.506320	-9.405580	0.835950	8.319824
3365	4760.576557	48.303591	-9.381699	0.835027	8.269346
3367	4762.651605	48.190377	-9.325811	0.833485	8.374212
3369	4764.725670	48.113445	-9.314078	0.831631	8.422411
3371	4766.799659	48.026055	-9.285189	0.830014	7.868235
3373	4768.873710	48.072691	-9.283798	0.828921	7.919465
3375	4770.948181	48.055503	-9.295494	0.827575	8.154915
3377	4773.022035	47.860691	-9.217099	0.826903	8.021303
3379	4775.096229	47.754286	-9.196428	0.825855	8.333676
3381	4777.170632	47.755351	-9.164681	0.823968	7.990801
3383	4779.244808	47.764828	-9.161682	0.821922	8.201682
3385	4781.319109	47.644917	-9.123848	0.820815	7.856348
3387	4783.393248	47.683175	-9.159712	0.818894	8.104548
3389	4785.466395	47.646241	-9.135099	0.817445	7.801914
3391	4787.541455	47.411199	-9.047958	0.816242	8.154684
3393	4789.614768	47.493750	-9.085643	0.813875	8.026548
3395	4791.690419	47.396446	-9.047154	0.812886	7.619193
3397	4793.763424	48.572568	-10.451580	0.813919	7.786567
3399	4795.838508	48.442309	-10.432485	0.812761	7.897048
3401	4797.911976	48.385223	-10.382195	0.810535	8.081880
3403	4799.985670	48.305681	-10.322005	0.809208	7.866978
3405	4802.060750	47.102912	-8.890178	0.805568	7.867453
3407	4804.134777	47.050944	-8.891568	0.803793	7.559135
3409	4806.209383	48.131375	-10.257278	0.804585	7.565956
3411	4808.283041	46.965788	-8.827977	0.800636	7.863120
3413	4810.357413	46.912014	-8.832412	0.798847	7.591969
3415	4812.431345	46.756813	-8.762027	0.797443	7.884387
3417	4814.505756	46.725271	-8.738796	0.795793	7.674810
3419	4816.580690	46.675904	-8.754068	0.794145	7.809148
3421	4818.654147	46.586329	-8.682571	0.793284	7.576011
3423	4820.727443	46.621940	-8.664705	0.791737	7.507871
3425	4822.801065	46.513168	-8.648138	0.789550	7.431377
3427	4824.876386	46.462147	-8.618846	0.788375	7.534800
3429	4826.950237	46.399955	-8.609711	0.786952	7.772115
3431	4829.025043	46.266368	-8.547226	0.785782	7.464389
3433	4831.098332	46.347562	-8.549110	0.783399	7.728493
3435	4833.173731	46.299371	-8.561102	0.782674	7.292617
3437	4835.246323	46.176695	-8.477752	0.781374	7.752432
3439	4837.320980	46.071928	-8.450137	0.779692	7.972919
3441	4839.394639	46.090819	-8.457549	0.778518	7.661248
3443	4841.469401	45.908950	-8.395626	0.776557	7.370760
3445	4843.543032	45.870612	-8.374071	0.775859	7.551963
3447	4845.617069	45.834153	-8.352788	0.774769	7.142545
3449	4847.691267	45.888094	-8.359107	0.772851	7.367641
3451	4849.764567	45.848054	-8.322579	0.772116	7.566652
3453	4851.840437	45.684492	-8.272596	0.770582	7.403852
3455	4853.914392	45.747406	-8.291631	0.769972	7.411737
3457	4855.987507	45.608423	-8.232408	0.768181	7.126817
3459	4858.062222	45.607500	-8.222832	0.767250	7.196107
3461	4860.135797	45.538443	-8.198946	0.766176	7.016985
3463	4862.210363	45.401709	-8.132706	0.764469	7.172841
3465	4864.284755	45.330555	-8.122088	0.762891	7.290451
3467	4866.358389	45.357885	-8.088720	0.761333	7.339359
3469	4868.432473	46.309163	-9.318339	0.762552	7.060892
3471	4870.506693	45.182223	-8.065726	0.758657	6.976475
3473	4872.579720	46.112295	-9.182356	0.759567	6.848773
3475	4874.654447	45.055412	-7.974886	0.756183	7.058098
3477	4876.727784	45.976352	-9.089055	0.756570	7.233037
3479	4878.803532	45.956979	-9.082127	0.755677	7.012537
3481	4880.877191	45.038560	-7.918750	0.751591	7.145959
3483	4882.950347	45.917038	-9.059724	0.753614	6.878067
3485	4885.024804	44.786130	-7.815611	0.749411	6.878635
3487	4887.097896	44.700587	-7.782974	0.748448	7.096378
3489	4889.172657	44.710937	-7.776391	0.746914	6.925855
3491	4891.248026	44.682182	-7.738948	0.745274	7.042852
3493	4893.321204	44.582758	-7.703766	0.744403	6.826413
3495	4895.396327	44.586139	-7.666544	0.743834	6.812855
3497	4897.468693	44.534154	-7.654061	0.742078	6.807612
3499	4899.543791	44.540980	-7.628846	0.740556	6.756629
3501	4901.617025	44.461202	-7.620709	0.739628	6.894527
3503	4903.691642	44.340062	-7.531478	0.738330	6.910576
3505	4905.765586	44.303503	-7.515952	0.736428	6.861164
3507	4907.839537	44.352556	-7.483234	0.735100	6.838219
3509	4909.914341	44.245852	-7.474681	0.733891	6.725164
3511	4911.987266	44.125635	-7.417344	0.733248	7.088753
3513	4914.061771	44.134878	-7.378311	0.731918	7.024690
3515	4916.136030	44.187678	-7.382413	0.730966	6.898729
3517	4918.209847	44.004732	-7.324579	0.730049	6.801081
3519	4920.284285	44.196403	-7.401220	0.728173	6.857355
3521	4922.358687	43.877994	-7.238836	0.728049	6.428890
3523	4924.432062	43.851698	-7.253087	0.725769	6.886701
3525	4926.507359	43.815169	-7.217344	0.724451	6.656513
3527	4928.579892	43.796767	-7.210454	0.723946	6.789145
3529	4930.654889	43.773701	-7.197158	0.722415	6.574520
3531	4932.728935	43.703486	-7.174499	0.721392	6.387754
3533	4934.802337	43.604876	-7.115494	0.720439	6.763049
3535	4936.875548	43.631944	-7.094523	0.719231	6.390580
3537	4938.949194	43.583783	-7.081358	0.718779	6.751454
3539	4941.024789	43.333939	-6.960412	0.717421	6.607583
3541	4943.097372	43.311341	-6.971276	0.715884	6.677221
3543	4945.171234	43.255431	-6.920287	0.714929	6.566504
3545	4947.246746	43.259466	-6.918558	0.714122	6.389634
3547	4949.320248	43.276640	-6.928349	0.712273	6.401490
3549	4951.394426	43.128596	-6.851951	0.711696	6.500977
3551	4953.468788	43.125866	-6.839578	0.710590	6.914592
3553	4955.542696	43.014222	-6.805459	0.709595	6.485733
3555	4957.615991	42.910779	-6.774600	0.708245	6.305610
3557	4959.690221	42.929870	-6.751751	0.707189	6.482520
3559	4961.764010	42.923506	-6.749869	0.706296	6.267770
3561	4963.837649	42.778864	-6.691467	0.704636	6.282369
3563	4965.912947	42.728318	-6.649080	0.703402	6.222414
3565	4967.986917	42.737907	-6.652285	0.702784	6.313055
3567	4970.060003	42.614464	-6.579165	0.701845	6.436797
3569	4972.133064	42.613747	-6.568740	0.701725	6.298614
3571	4974.207758	42.551893	-6.541277	0.700664	6.205761
3573	4976.282176	42.433982	-6.490422	0.699320	6.287362
3575	4978.356770	42.514300	-6.481416	0.698375	6.625961
3577	4980.431160	42.410462	-6.463623	0.697087	6.173537
3579	4982.504936	42.406792	-6.448640	0.696301	6.148420
3581	4984.577414	42.261174	-6.402429	0.694675	6.042721
3583	4986.651534	42.275976	-6.372664	0.694418	5.902664
3585	4988.726070	42.226178	-6.349630	0.692727	6.225209
3587	4990.800780	42.129961	-6.301006	0.691409	6.297580
3589	4992.875682	41.976734	-6.243359	0.690332	6.453438
3591	4994.948124	41.994767	-6.276209	0.689781	5.979664
3593	4997.021762	41.962230	-6.236747	0.688238	5.952242
3595	4999.096625	42.001021	-6.222387	0.687195	6.056142
3597	5001.170212	41.872307	-6.170777	0.686374	6.131283
3599	5003.245057	41.756260	-6.098460	0.684869	6.113137
3601	5005.319226	41.795609	-6.134777	0.684560	6.087160
3603	5007.392886	41.654085	-6.044692	0.682771	5.939927
3605	5009.467790	41.616400	-6.031548	0.681883	5.804444
3607	5011.541426	41.656011	-6.049667	0.681101	6.052779
3609	5013.615317	41.679439	-6.009140	0.679775	5.896931
3611	5015.689034	41.432828	-5.926194	0.678263	6.003280
3613	5017.762797	41.401754	-5.896343	0.678311	5.951681
3615	5019.838591	41.409948	-5.883178	0.676885	5.738048
3617	5021.911303	41.400911	-5.887729	0.675421	5.745199
3619	5023.984026	41.284243	-5.813189	0.674283	5.688946
3621	5026.059054	41.240467	-5.816386	0.673316	5.837928
3623	5028.132099	41.110747	-5.736364	0.673218	5.917877
3625	5030.207701	41.113647	-5.701255	0.671213	5.900826
3627	5032.281448	41.048579	-5.669916	0.669810	5.804869
3629	5034.354027	40.985134	-5.637509	0.669397	5.665153
3631	5036.429603	40.941259	-5.611039	0.668351	5.772318
3633	5038.502611	40.935279	-5.592176	0.667065	5.651239
3635	5040.575888	40.867757	-5.553771	0.665970	5.792107
3637	5042.651461	40.903350	-5.534217	0.665511	5.953816
3639	5044.724124	40.846446	-5.490104	0.664760	5.741986
3641	5046.798731	40.787257	-5.452484	0.663591	5.621365
3643	5048.873064	40.734186	-5.447468	0.662934	5.679380
3645	5050.947232	40.697655	-5.416507	0.661812	5.527799
3647	5053.020733	40.543088	-5.344403	0.661407	5.654562
3649	5055.094712	40.524865	-5.335063	0.660677	5.741855
3651	5057.169802	40.373802	-5.263343	0.659475	5.661562
3653	5059.242193	40.506666	-5.271680	0.658609	5.706820
3655	5061.318226	40.364662	-5.233776	0.657516	5.555128
3657	5063.391325	40.350032	-5.194600	0.657087	5.651755
3659	5065.464048	40.281740	-5.165335	0.656070	5.566772
3661	5067.539353	40.219015	-5.141165	0.655204	5.500351
3663	5069.613371	40.083583	-5.083664	0.654071	5.360969
3665	5071.687263	40.101769	-5.064959	0.653568	5.442268
3667	5073.760692	40.172766	-5.083351	0.652647	5.443827
3669	5075.834743	40.001853	-5.003903	0.652066	5.396678
3671	5077.908408	39.900315	-4.963562	0.650993	5.541846
3673	5079.983317	39.883075	-4.950349	0.651216	5.652021
3675	5082.056005	39.932378	-4.940655	0.650494	5.311209
3677	5084.130566	39.725177	-4.855162	0.649406	5.632708
3679	5086.204806	39.857774	-4.895673	0.648520	5.262228
3681	5088.277488	39.602607	-4.782889	0.647423	5.413549
3683	5090.352758	39.702013	-4.796347	0.646525	5.529252
3685	5092.426184	39.541101	-4.709366	0.646390	5.455114
3687	5094.500633	39.578709	-4.704158	0.646095	5.423396
3689	5096.574680	39.488207	-4.627144	0.644999	5.311511
3691	5098.648850	39.481029	-4.654489	0.643959	5.197440
3693	5100.722026	39.511077	-4.622970	0.643379	5.015608
3695	5102.795700	39.243217	-4.549726	0.642602	5.379986
3697	5104.869486	39.322100	-4.545375	0.642171	5.284037
3699	5106.944320	39.277949	-4.519671	0.641906	5.202008
3701	5109.016597	39.155442	-4.460564	0.641388	5.168672
3703	5111.093013	39.188463	-4.454014	0.640628	5.253284
3705	5113.164909	39.092464	-4.414546	0.640044	5.262547
3707	5115.238196	39.027574	-4.367044	0.639318	5.329182
3709	5117.313554	39.019373	-4.341325	0.639070	5.191353
3711	5119.386975	38.928160	-4.300662	0.637987	5.310317
3713	5121.460614	38.877804	-4.259492	0.637303	5.101517
3715	5123.533825	38.725621	-4.211327	0.636403	4.945436
3717	5125.608171	38.835621	-4.211475	0.636309	5.311960
3719	5127.682198	38.720379	-4.165425	0.635156	5.128768
3721	5129.757252	38.702558	-4.145227	0.634664	5.238824
3723	5131.830787	38.694667	-4.145451	0.633887	5.128181
3725	5133.904534	38.567050	-4.088370	0.633676	4.961505
3727	5135.978460	38.414252	-4.033323	0.632280	4.903144
3729	5138.051035	38.451704	-4.037071	0.632228	5.250981
3731	5140.127466	38.337394	-3.975718	0.631293	5.174121
3733	5142.200553	38.418352	-4.002860	0.630649	4.877650
3735	5144.273211	38.270943	-3.930251	0.630235	5.113533
3737	5146.348626	38.256184	-3.906191	0.630001	4.578301
3739	5148.421785	38.162495	-3.868780	0.629508	4.939716
3741	5150.495323	38.101963	-3.842870	0.628778	4.946522
3743	5152.570016	38.158805	-3.847307	0.628189	5.341234
3745	5154.643842	37.975624	-3.774701	0.627245	4.929737
3747	5156.718505	38.034599	-3.787342	0.626874	4.993759
3749	5158.791519	38.009314	-3.744219	0.626609	4.688609
3751	5160.864021	37.823072	-3.670651	0.625264	4.655652
3753	5162.939529	37.883099	-3.668523	0.624571	4.859700
3755	5165.012558	37.830024	-3.647131	0.623911	5.217816
3757	5167.085982	37.747655	-3.600307	0.623553	4.856095
3759	5169.159406	37.607881	-3.555463	0.622736	4.598908
3761	5171.234219	37.656173	-3.557086	0.622591	4.792206
3763	5173.307394	37.580206	-3.525763	0.621487	4.595152
3765	5175.382896	37.566523	-3.491504	0.620945	4.809588
3767	5177.455576	37.440122	-3.432469	0.620404	4.850247
3769	5179.529308	37.399179	-3.407756	0.620031	4.912091
3771	5181.604385	37.342193	-3.371204	0.619060	4.873371
3773	5183.677474	37.389826	-3.377313	0.618746	4.569323
3775	5185.752616	37.237432	-3.334581	0.618155	4.709460
3777	5187.824394	37.257843	-3.338735	0.617584	4.764283
3779	5189.898507	37.098628	-3.276545	0.616476	4.635910
3781	5191.974028	37.113046	-3.240735	0.616471	4.621991
3783	5194.047634	37.162690	-3.227487	0.616124	4.871184
3785	5196.121485	37.087009	-3.198484	0.615318	4.428971
3787	5198.195482	37.005027	-3.160523	0.614510	4.668352
3789	5200.267522	37.012903	-3.138689	0.613785	4.837936
3791	5202.341490	36.913429	-3.095470	0.613126	4.656353
3793	5204.416117	36.854686	-3.054815	0.612341	4.894137
3795	5206.490230	36.812455	-3.045580	0.612525	4.548951
3797	5208.563717	36.728592	-2.999727	0.611860	4.598728
3799	5210.637219	36.749743	-2.994176	0.611575	4.521443
3801	5212.710612	36.593889	-2.949704	0.610246	4.619353
3803	5214.786292	36.626834	-2.943362	0.609889	4.572097
3805	5216.859035	36.549648	-2.918496	0.609555	4.799005
3807	5218.934742	36.459182	-2.881467	0.608956	4.364198
3809	5221.006005	36.483974	-2.858813	0.608886	4.422652
3811	5223.079681	36.343011	-2.810900	0.607670	4.473274
3813	5225.154408	36.377187	-2.804248	0.607977	4.549524
3815	5227.229360	36.232276	-2.736708	0.606983	4.806883
3817	5229.303905	36.238180	-2.729407	0.607117	4.779522
3819	5231.375908	36.291790	-2.721447	0.606928	4.389892
3821	5233.451076	36.265825	-2.690561	0.606961	4.590495
3823	5235.522971	36.165013	-2.634215	0.605698	4.579657
3825	5237.597851	36.071630	-2.618816	0.605849	4.586396
3827	5239.672341	36.100757	-2.605967	0.605843	4.520092
3829	5241.746119	35.978094	-2.530685	0.604952	4.397075
3831	5243.820112	35.953365	-2.524294	0.605164	4.316497
3833	5245.891923	35.907778	-2.468252	0.604330	4.297500
3835	5247.967564	35.871125	-2.442015	0.604020	4.362504
3837	5250.039517	35.797841	-2.417284	0.603076	4.569110
3839	5252.114456	35.838814	-2.388699	0.602936	4.509786
3841	5254.188844	35.758242	-2.355687	0.602413	4.370048
3843	5256.263732	35.820170	-2.345966	0.602233	4.258612
3845	5258.336581	35.701733	-2.304794	0.601997	4.244313
3847	5260.408643	35.706308	-2.288302	0.601992	4.339466
3849	5262.483986	35.577838	-2.236845	0.600632	4.430590
3851	5264.557157	35.610271	-2.221473	0.601367	4.392887
3853	5266.631704	35.502840	-2.158212	0.600474	4.518151
3855	5268.705255	35.437552	-2.135671	0.600638	4.206441
3857	5270.778931	35.393438	-2.095796	0.599185	4.502049
3859	5272.853770	35.303991	-2.062553	0.598879	4.316998
3861	5274.926660	35.286935	-2.034552	0.598360	4.264280
3863	5276.999117	35.372380	-2.034122	0.598809	4.302210
3865	5279.074344	35.244971	-1.971393	0.597655	4.159815
3867	5281.147690	35.299612	-1.963993	0.598096	4.057242
3869	5283.223609	35.193473	-1.937889	0.597541	4.080977
3871	5285.296295	35.157282	-1.899558	0.596829	4.285779
3873	5287.369550	35.089759	-1.866847	0.596405	4.204088
3875	5289.445646	35.038242	-1.830143	0.595780	4.106049
3877	5291.517411	34.982907	-1.800805	0.595284	4.005074
3879	5293.591357	35.051946	-1.811377	0.595161	4.151676
3881	5295.663254	34.898655	-1.757753	0.593869	4.229152
3883	5297.739209	34.859183	-1.741089	0.594167	4.208796
3885	5299.813248	34.786688	-1.710953	0.593615	4.147165
3887	5301.887765	34.790543	-1.698318	0.593961	4.119323
3889	5303.960266	34.685295	-1.656334	0.593316	4.011618
3891	5306.035519	34.686957	-1.639505	0.593386	4.160830
3893	5308.108394	34.598479	-1.606358	0.592895	4.109610
3895	5310.180538	34.613684	-1.574777	0.592841	3.992159
3897	5312.256380	34.530702	-1.531041	0.592825	4.252767
3899	5314.329443	34.505109	-1.505133	0.592703	4.160839
3901	5316.402937	34.443793	-1.478143	0.592187	3.968188
3903	5318.475703	34.393750	-1.439699	0.592037	3.791107
3905	5320.551528	34.368102	-1.415285	0.591915	3.878125
3907	5322.624590	34.362242	-1.393133	0.591992	3.928534
3909	5324.698829	34.296819	-1.365262	0.591723	3.980133
3911	5326.774036	34.289421	-1.339645	0.591498	3.919230
3913	5328.846791	34.221045	-1.297190	0.590759	3.953337
3915	5330.918556	34.172325	-1.289309	0.591306	3.914642
3917	5332.992446	34.107214	-1.239924	0.590471	4.037013
3919	5335.066882	34.055402	-1.223940	0.590618	3.901006
3921	5337.142607	34.030970	-1.202210	0.589830	3.947103
3923	5339.215266	34.020861	-1.189588	0.589730	3.836870
3925	5341.290856	33.971230	-1.180693	0.590135	3.926219
3927	5343.362757	33.914815	-1.147882	0.590005	3.861511
3929	5345.435586	33.852971	-1.105567	0.589344	3.951193
3931	5347.509939	33.771313	-1.058463	0.588923	3.899783
3933	5349.582024	33.795159	-1.049035	0.589477	3.867722
3935	5351.658644	33.751838	-1.030079	0.589469	3.886016
3937	5353.731712	33.858125	-1.035450	0.589977	3.878791
3939	5355.805863	33.662737	-0.968891	0.588868	3.706995
3941	5357.878378	33.673721	-0.939860	0.589266	3.657192
3943	5359.951804	33.597887	-0.911906	0.588772	3.728765
3945	5362.026048	33.524090	-0.865674	0.588149	3.902483
3947	5364.102029	33.521007	-0.848444	0.587533	3.971935
3949	5366.175111	33.422855	-0.807218	0.587530	3.822096
3951	5368.248726	33.415509	-0.802953	0.587748	3.900939
3953	5370.323075	33.391411	-0.774103	0.587119	3.637052
3955	5372.395064	33.393340	-0.761303	0.587244	3.588275
3957	5374.467676	33.262535	-0.705583	0.586013	3.771651
3959	5376.542123	33.308967	-0.707407	0.586434	3.934310
3961	5378.619447	33.253162	-0.678082	0.586217	3.913668
3963	5380.691447	33.183684	-0.643226	0.585303	3.685429
3965	5382.765161	33.162303	-0.632003	0.585665	3.586236
3967	5384.838513	33.066953	-0.600705	0.584328	3.730906
3969	5386.913140	33.075317	-0.572614	0.584476	3.860170
3971	5388.987612	33.150024	-0.552546	0.584586	3.679374
3973	5391.061168	33.006477	-0.510376	0.584422	3.777137
3975	5393.133042	32.894990	-0.473926	0.584041	3.560116
3977	5395.208516	32.940714	-0.476042	0.584485	3.596266
3979	5397.281277	32.904483	-0.462164	0.584654	3.636428
3981	5399.354875	32.782004	-0.409763	0.583437	3.827427
3983	5401.428968	32.816587	-0.404628	0.584165	3.810051
3985	5403.501761	32.796542	-0.381593	0.584336	3.592555
3987	5405.577451	32.625742	-0.335374	0.583393	3.508636
3989	5407.649036	32.655865	-0.323017	0.583977	3.662562
3991	5409.725174	32.621350	-0.291626	0.583563	3.692974
3993	5411.798464	32.529246	-0.253616	0.582622	3.810639
3995	5413.873192	32.520051	-0.236878	0.583045	3.634045
3997	5415.944693	32.386714	-0.189614	0.582364	3.413584
3999	5418.018768	32.362286	-0.173518	0.582108	3.633257
4001	5420.092326	32.412132	-0.173673	0.583488	3.444471
4003	5422.165841	32.329306	-0.136285	0.582924	3.766305
4005	5424.240982	32.282022	-0.109449	0.582740	3.585958
4007	5426.313729	32.283706	-0.085242	0.582446	3.687971
4009	5428.388457	32.225610	-0.080806	0.582889	3.530928
4011	5430.461124	32.181301	-0.047627	0.583661	3.349719
4013	5432.534413	32.083268	-0.007988	0.582779	3.534490
4015	5434.608495	32.024388	0.002041	0.582959	3.519355
4017	5436.682942	31.969488	0.038178	0.582960	3.536945
4019	5438.755167	32.035012	0.046662	0.583627	3.498064
4021	5440.830908	31.956678	0.078178	0.583194	3.425038
4023	5442.904322	31.866015	0.123972	0.582824	3.367323
4025	5444.975551	31.822821	0.150148	0.582540	3.484842
4027	5447.051625	31.819036	0.168178	0.582262	3.354541
4029	5449.123997	31.702179	0.210817	0.582203	3.291520
4031	5451.197729	31.740234	0.205766	0.582324	3.143886
4033	5453.271023	31.656051	0.236803	0.582328	3.310014
4035	5455.346671	31.727895	0.243389	0.583860	3.465521
4037	5457.418066	31.589468	0.290513	0.582383	3.458807
4039	5459.494878	31.519222	0.320827	0.582163	3.509669
4041	5461.567740	31.495487	0.337706	0.582972	3.375189
4043	5463.640396	31.540372	0.343284	0.583747	3.218911
4045	5465.714690	31.442752	0.388852	0.582476	3.322110
4047	5467.788745	31.354308	0.410957	0.582661	3.494111
4049	5469.861334	31.383390	0.426209	0.583342	3.548400
4051	5471.937240	31.321464	0.457001	0.583092	3.371305
4053	5474.009818	31.236811	0.479389	0.583424	3.233429
4055	5476.083602	31.179778	0.516886	0.582680	3.137623
4057	5478.155305	31.149550	0.530871	0.582122	3.266135
4059	5480.231226	31.117496	0.555932	0.582949	3.303638
4061	5482.304742	30.976631	0.584793	0.581654	3.344676
4063	5484.377740	31.029574	0.597921	0.583026	3.343259
4065	5486.452738	30.975972	0.617428	0.582278	3.089945
4067	5488.525751	30.967302	0.645641	0.583407	3.276014
4069	5490.598168	30.851412	0.677412	0.583443	3.258541
4071	5492.674510	30.845265	0.701601	0.583939	3.233957
4073	5494.747214	30.759271	0.715009	0.583047	3.292105
4075	5496.819965	30.701362	0.762116	0.583589	3.222965
4077	5498.895220	30.761408	0.772108	0.584380	3.217051
4079	5500.967166	30.743761	0.789048	0.585441	3.108502
