crossing time (s)	slope (V/s)	crossing number
281474976710655.000000	19.935051	2731	0.000000
281474976710655.000000	19.970263	2732	0.000000
281474976710655.000000	19.525005	2733	0.000000
281474976710655.000000	19.945980	2734	0.000000
281474976710655.000000	19.287811	2735	0.000000
281474976710655.000000	20.034986	2736	0.000000
281474976710655.000000	19.251564	2737	0.000000
281474976710655.000000	19.431723	2738	0.000000
281474976710655.000000	19.431719	2739	0.000000
281474976710655.000000	19.488234	2740	0.000000
281474976710655.000000	19.360340	2741	0.000000
281474976710655.000000	19.051254	2742	0.000000
281474976710655.000000	19.879881	2743	0.000000
281474976710655.000000	20.169842	2744	0.000000
281474976710655.000000	19.648016	2745	0.000000
281474976710655.000000	19.046320	2746	0.000000
281474976710655.000000	18.867050	2747	0.000000
281474976710655.000000	19.248060	2748	0.000000
281474976710655.000000	19.317169	2749	0.000000
281474976710655.000000	19.820164	2750	0.000000
281474976710655.000000	19.114422	2751	0.000000
281474976710655.000000	19.649590	2752	0.000000
281474976710655.000000	19.085642	2753	0.000000
281474976710655.000000	19.578548	2754	0.000000
281474976710655.000000	19.228952	2755	0.000000
281474976710655.000000	19.538414	2756	0.000000
281474976710655.000000	18.879997	2757	0.000000
281474976710655.000000	19.241825	2758	0.000000
281474976710655.000000	18.653152	2759	0.000000
281474976710655.000000	18.476751	2760	0.000000
281474976710655.000000	19.362391	2761	0.000000
281474976710655.000000	18.123766	2762	0.000000
281474976710655.000000	18.573298	2763	0.000000
281474976710655.000000	18.035690	2764	0.000000
281474976710655.000000	17.940382	2765	0.000000
281474976710655.000000	19.030983	2766	0.000000
281474976710655.000000	18.217989	2767	0.000000
281474976710655.000000	18.615784	2768	0.000000
281474976710655.000000	18.611214	2769	0.000000
281474976710655.000000	17.748350	2770	0.000000
281474976710655.000000	18.387970	2771	0.000000
281474976710655.000000	19.308601	2772	0.000000
281474976710655.000000	18.663824	2773	0.000000
281474976710655.000000	18.401264	2774	0.000000
281474976710655.000000	17.820932	2775	0.000000
281474976710655.000000	18.580042	2776	0.000000
281474976710655.000000	18.185005	2777	0.000000
281474976710655.000000	18.996235	2778	0.000000
281474976710655.000000	17.762657	2779	0.000000
281474976710655.000000	18.171654	2780	0.000000
281474976710655.000000	17.721119	2781	0.000000
281474976710655.000000	18.789175	2782	0.000000
281474976710655.000000	18.197962	2783	0.000000
281474976710655.000000	17.557682	2784	0.000000
281474976710655.000000	17.600040	2785	0.000000
281474976710655.000000	18.352112	2786	0.000000
281474976710655.000000	18.282799	2787	0.000000
281474976710655.000000	18.187323	2788	0.000000
281474976710655.000000	17.594475	2789	0.000000
281474976710655.000000	18.595972	2790	0.000000
281474976710655.000000	17.764849	2791	0.000000
281474976710655.000000	18.158031	2792	0.000000
281474976710655.000000	17.622526	2793	0.000000
281474976710655.000000	18.265257	2794	0.000000
281474976710655.000000	18.133862	2795	0.000000
281474976710655.000000	18.300459	2796	0.000000
281474976710655.000000	17.001900	2797	0.000000
281474976710655.000000	18.899899	2798	0.000000
281474976710655.000000	18.054310	2799	0.000000
281474976710655.000000	18.248034	2800	0.000000
281474976710655.000000	17.512825	2801	0.000000
281474976710655.000000	18.153643	2802	0.000000
281474976710655.000000	17.881088	2803	0.000000
281474976710655.000000	18.387867	2804	0.000000
281474976710655.000000	17.303747	2805	0.000000
281474976710655.000000	17.976637	2806	0.000000
281474976710655.000000	17.211708	2807	0.000000
281474976710655.000000	17.328547	2808	0.000000
281474976710655.000000	17.725039	2809	0.000000
281474976710655.000000	17.786377	2810	0.000000
281474976710655.000000	17.322189	2811	0.000000
281474976710655.000000	17.787458	2812	0.000000
281474976710655.000000	17.230556	2813	0.000000
281474976710655.000000	17.559996	2814	0.000000
281474976710655.000000	16.931316	2815	0.000000
281474976710655.000000	17.411524	2816	0.000000
281474976710655.000000	17.180164	2817	0.000000
281474976710655.000000	18.018227	2818	0.000000
281474976710655.000000	16.796127	2819	0.000000
281474976710655.000000	16.644554	2820	0.000000
281474976710655.000000	17.178396	2821	0.000000
281474976710655.000000	17.063231	2822	0.000000
281474976710655.000000	17.338104	2823	0.000000
281474976710655.000000	17.668100	2824	0.000000
281474976710655.000000	17.571415	2825	0.000000
281474976710655.000000	17.863983	2826	0.000000
281474976710655.000000	16.798820	2827	0.000000
281474976710655.000000	17.249458	2828	0.000000
281474976710655.000000	16.589445	2829	0.000000
281474976710655.000000	17.537924	2830	0.000000
281474976710655.000000	16.525190	2831	0.000000
281474976710655.000000	17.387966	2832	0.000000
281474976710655.000000	17.230772	2833	0.000000
281474976710655.000000	17.273712	2834	0.000000
281474976710655.000000	16.654243	2835	0.000000
281474976710655.000000	17.058332	2836	0.000000
281474976710655.000000	17.719015	2837	0.000000
281474976710655.000000	17.079063	2838	0.000000
281474976710655.000000	16.593315	2839	0.000000
281474976710655.000000	16.873533	2840	0.000000
281474976710655.000000	16.691626	2841	0.000000
281474976710655.000000	16.874531	2842	0.000000
281474976710655.000000	16.490400	2843	0.000000
281474976710655.000000	16.918354	2844	0.000000
281474976710655.000000	17.065367	2845	0.000000
281474976710655.000000	17.233406	2846	0.000000
281474976710655.000000	16.757524	2847	0.000000
281474976710655.000000	16.782194	2848	0.000000
281474976710655.000000	16.579773	2849	0.000000
281474976710655.000000	16.662285	2850	0.000000
281474976710655.000000	16.833052	2851	0.000000
281474976710655.000000	17.279993	2852	0.000000
281474976710655.000000	16.316908	2853	0.000000
281474976710655.000000	17.214100	2854	0.000000
281474976710655.000000	16.496298	2855	0.000000
281474976710655.000000	16.535732	2856	0.000000
281474976710655.000000	16.225416	2857	0.000000
281474976710655.000000	16.733553	2858	0.000000
281474976710655.000000	16.088217	2859	0.000000
281474976710655.000000	16.669317	2860	0.000000
281474976710655.000000	16.202965	2861	0.000000
281474976710655.000000	15.977163	2862	0.000000
281474976710655.000000	16.550089	2863	0.000000
281474976710655.000000	16.503248	2864	0.000000
281474976710655.000000	16.307295	2865	0.000000
281474976710655.000000	16.483763	2866	0.000000
281474976710655.000000	16.509796	2867	0.000000
281474976710655.000000	16.516251	2868	0.000000
281474976710655.000000	16.085493	2869	0.000000
281474976710655.000000	16.396662	2870	0.000000
281474976710655.000000	15.778032	2871	0.000000
281474976710655.000000	16.796381	2872	0.000000
281474976710655.000000	16.198862	2873	0.000000
281474976710655.000000	16.506277	2874	0.000000
281474976710655.000000	15.683149	2875	0.000000
281474976710655.000000	15.868463	2876	0.000000
281474976710655.000000	15.668387	2877	0.000000
281474976710655.000000	15.844451	2878	0.000000
281474976710655.000000	15.693645	2879	0.000000
281474976710655.000000	15.859153	2880	0.000000
281474976710655.000000	15.650159	2881	0.000000
281474976710655.000000	16.300646	2882	0.000000
281474976710655.000000	15.923239	2883	0.000000
281474976710655.000000	16.351608	2884	0.000000
281474976710655.000000	15.710451	2885	0.000000
281474976710655.000000	16.391939	2886	0.000000
281474976710655.000000	15.390068	2887	0.000000
281474976710655.000000	15.630367	2888	0.000000
281474976710655.000000	15.353763	2889	0.000000
281474976710655.000000	15.463613	2890	0.000000
281474976710655.000000	15.763086	2891	0.000000
281474976710655.000000	15.834280	2892	0.000000
281474976710655.000000	15.618590	2893	0.000000
281474976710655.000000	15.918788	2894	0.000000
281474976710655.000000	15.239759	2895	0.000000
281474976710655.000000	16.334574	2896	0.000000
281474976710655.000000	15.379246	2897	0.000000
281474976710655.000000	15.468123	2898	0.000000
281474976710655.000000	15.746724	2899	0.000000
281474976710655.000000	15.725286	2900	0.000000
281474976710655.000000	15.290394	2901	0.000000
281474976710655.000000	15.663975	2902	0.000000
281474976710655.000000	15.438519	2903	0.000000
281474976710655.000000	15.603494	2904	0.000000
281474976710655.000000	15.024617	2905	0.000000
281474976710655.000000	15.553979	2906	0.000000
281474976710655.000000	15.423281	2907	0.000000
281474976710655.000000	15.466803	2908	0.000000
281474976710655.000000	14.846097	2909	0.000000
281474976710655.000000	15.359635	2910	0.000000
281474976710655.000000	15.153439	2911	0.000000
281474976710655.000000	15.291703	2912	0.000000
281474976710655.000000	15.170134	2913	0.000000
281474976710655.000000	15.455706	2914	0.000000
281474976710655.000000	15.166063	2915	0.000000
281474976710655.000000	15.442285	2916	0.000000
281474976710655.000000	14.697471	2917	0.000000
281474976710655.000000	15.111281	2918	0.000000
281474976710655.000000	14.952072	2919	0.000000
281474976710655.000000	15.159603	2920	0.000000
281474976710655.000000	15.215234	2921	0.000000
281474976710655.000000	15.028897	2922	0.000000
281474976710655.000000	15.027866	2923	0.000000
281474976710655.000000	15.459036	2924	0.000000
281474976710655.000000	15.011499	2925	0.000000
281474976710655.000000	14.799711	2926	0.000000
281474976710655.000000	14.992895	2927	0.000000
281474976710655.000000	15.384477	2928	0.000000
281474976710655.000000	14.825259	2929	0.000000
281474976710655.000000	14.994890	2930	0.000000
281474976710655.000000	14.896880	2931	0.000000
281474976710655.000000	15.290314	2932	0.000000
281474976710655.000000	14.569331	2933	0.000000
281474976710655.000000	14.852397	2934	0.000000
281474976710655.000000	14.187848	2935	0.000000
281474976710655.000000	14.849638	2936	0.000000
281474976710655.000000	14.435040	2937	0.000000
281474976710655.000000	15.193835	2938	0.000000
281474976710655.000000	14.526379	2939	0.000000
281474976710655.000000	14.792912	2940	0.000000
281474976710655.000000	14.726407	2941	0.000000
281474976710655.000000	15.054941	2942	0.000000
281474976710655.000000	14.327201	2943	0.000000
281474976710655.000000	15.102067	2944	0.000000
281474976710655.000000	14.220116	2945	0.000000
281474976710655.000000	14.794660	2946	0.000000
281474976710655.000000	14.675053	2947	0.000000
281474976710655.000000	14.593525	2948	0.000000
281474976710655.000000	14.368503	2949	0.000000
281474976710655.000000	14.518265	2950	0.000000
281474976710655.000000	14.300667	2951	0.000000
281474976710655.000000	14.467093	2952	0.000000
281474976710655.000000	14.337678	2953	0.000000
281474976710655.000000	14.888057	2954	0.000000
281474976710655.000000	14.126482	2955	0.000000
281474976710655.000000	14.849916	2956	0.000000
281474976710655.000000	13.967437	2957	0.000000
281474976710655.000000	14.611774	2958	0.000000
281474976710655.000000	14.086138	2959	0.000000
281474976710655.000000	14.198028	2960	0.000000
281474976710655.000000	13.898969	2961	0.000000
281474976710655.000000	14.511224	2962	0.000000
281474976710655.000000	14.149748	2963	0.000000
281474976710655.000000	14.258416	2964	0.000000
281474976710655.000000	13.925694	2965	0.000000
281474976710655.000000	14.246447	2966	0.000000
281474976710655.000000	13.805741	2967	0.000000
281474976710655.000000	14.395789	2968	0.000000
281474976710655.000000	13.968971	2969	0.000000
281474976710655.000000	14.413075	2970	0.000000
281474976710655.000000	13.419621	2971	0.000000
281474976710655.000000	14.166267	2972	0.000000
281474976710655.000000	13.907044	2973	0.000000
281474976710655.000000	14.341450	2974	0.000000
281474976710655.000000	13.785582	2975	0.000000
281474976710655.000000	14.414849	2976	0.000000
281474976710655.000000	13.784378	2977	0.000000
281474976710655.000000	14.442603	2978	0.000000
281474976710655.000000	13.766609	2979	0.000000
281474976710655.000000	13.849432	2980	0.000000
281474976710655.000000	13.396677	2981	0.000000
281474976710655.000000	13.798429	2982	0.000000
281474976710655.000000	13.617715	2983	0.000000
281474976710655.000000	14.464823	2984	0.000000
281474976710655.000000	13.845191	2985	0.000000
281474976710655.000000	13.733809	2986	0.000000
281474976710655.000000	13.508359	2987	0.000000
281474976710655.000000	13.969754	2988	0.000000
281474976710655.000000	13.430611	2989	0.000000
281474976710655.000000	14.206348	2990	0.000000
281474976710655.000000	13.679793	2991	0.000000
281474976710655.000000	13.505009	2992	0.000000
281474976710655.000000	13.282202	2993	0.000000
281474976710655.000000	14.157334	2994	0.000000
281474976710655.000000	13.303782	2995	0.000000
281474976710655.000000	13.855586	2996	0.000000
281474976710655.000000	13.402857	2997	0.000000
281474976710655.000000	13.307655	2998	0.000000
281474976710655.000000	13.393116	2999	0.000000
281474976710655.000000	13.725633	3000	0.000000
281474976710655.000000	13.216048	3001	0.000000
281474976710655.000000	13.629921	3002	0.000000
281474976710655.000000	13.177561	3003	0.000000
281474976710655.000000	13.670050	3004	0.000000
281474976710655.000000	13.073519	3005	0.000000
281474976710655.000000	13.337066	3006	0.000000
281474976710655.000000	12.801221	3007	0.000000
281474976710655.000000	13.826802	3008	0.000000
281474976710655.000000	13.328994	3009	0.000000
281474976710655.000000	13.403798	3010	0.000000
281474976710655.000000	12.971599	3011	0.000000
281474976710655.000000	13.522511	3012	0.000000
281474976710655.000000	13.220158	3013	0.000000
281474976710655.000000	13.171593	3014	0.000000
281474976710655.000000	12.803296	3015	0.000000
281474976710655.000000	13.452141	3016	0.000000
281474976710655.000000	12.756749	3017	0.000000
281474976710655.000000	13.050126	3018	0.000000
281474976710655.000000	13.308555	3019	0.000000
281474976710655.000000	13.224870	3020	0.000000
281474976710655.000000	12.641311	3021	0.000000
281474976710655.000000	13.039068	3022	0.000000
281474976710655.000000	13.340734	3023	0.000000
281474976710655.000000	13.217006	3024	0.000000
281474976710655.000000	12.853061	3025	0.000000
281474976710655.000000	13.381707	3026	0.000000
281474976710655.000000	12.955816	3027	0.000000
281474976710655.000000	13.146605	3028	0.000000
281474976710655.000000	12.728675	3029	0.000000
281474976710655.000000	12.963030	3030	0.000000
281474976710655.000000	12.627138	3031	0.000000
281474976710655.000000	12.919148	3032	0.000000
281474976710655.000000	12.658849	3033	0.000000
281474976710655.000000	12.891933	3034	0.000000
281474976710655.000000	12.715005	3035	0.000000
281474976710655.000000	12.626106	3036	0.000000
281474976710655.000000	13.060905	3037	0.000000
281474976710655.000000	12.875084	3038	0.000000
281474976710655.000000	12.545342	3039	0.000000
281474976710655.000000	12.912997	3040	0.000000
281474976710655.000000	12.231105	3041	0.000000
281474976710655.000000	12.520413	3042	0.000000
281474976710655.000000	12.574321	3043	0.000000
281474976710655.000000	12.790914	3044	0.000000
281474976710655.000000	12.445910	3045	0.000000
281474976710655.000000	12.929739	3046	0.000000
281474976710655.000000	12.546706	3047	0.000000
281474976710655.000000	13.019252	3048	0.000000
281474976710655.000000	12.468818	3049	0.000000
281474976710655.000000	12.711452	3050	0.000000
281474976710655.000000	12.281538	3051	0.000000
281474976710655.000000	12.700895	3052	0.000000
281474976710655.000000	12.313528	3053	0.000000
281474976710655.000000	12.988169	3054	0.000000
281474976710655.000000	12.115309	3055	0.000000
281474976710655.000000	12.648517	3056	0.000000
281474976710655.000000	12.246956	3057	0.000000
281474976710655.000000	12.454624	3058	0.000000
281474976710655.000000	12.006505	3059	0.000000
281474976710655.000000	12.508348	3060	0.000000
281474976710655.000000	12.222142	3061	0.000000
281474976710655.000000	12.452051	3062	0.000000
281474976710655.000000	12.290333	3063	0.000000
281474976710655.000000	12.081876	3064	0.000000
281474976710655.000000	12.175222	3065	0.000000
281474976710655.000000	12.414288	3066	0.000000
281474976710655.000000	11.753919	3067	0.000000
281474976710655.000000	12.277122	3068	0.000000
281474976710655.000000	11.816137	3069	0.000000
281474976710655.000000	12.602677	3070	0.000000
281474976710655.000000	11.996094	3071	0.000000
281474976710655.000000	12.186743	3072	0.000000
281474976710655.000000	12.131485	3073	0.000000
281474976710655.000000	12.088738	3074	0.000000
281474976710655.000000	11.923632	3075	0.000000
281474976710655.000000	12.599894	3076	0.000000
281474976710655.000000	11.853926	3077	0.000000
281474976710655.000000	12.346186	3078	0.000000
281474976710655.000000	11.893497	3079	0.000000
281474976710655.000000	11.954339	3080	0.000000
281474976710655.000000	11.693501	3081	0.000000
281474976710655.000000	12.224317	3082	0.000000
281474976710655.000000	11.646294	3083	0.000000
281474976710655.000000	11.890227	3084	0.000000
281474976710655.000000	12.055149	3085	0.000000
281474976710655.000000	12.174758	3086	0.000000
281474976710655.000000	11.682900	3087	0.000000
281474976710655.000000	11.957184	3088	0.000000
281474976710655.000000	11.746022	3089	0.000000
281474976710655.000000	12.269209	3090	0.000000
281474976710655.000000	11.591303	3091	0.000000
281474976710655.000000	12.014941	3092	0.000000
281474976710655.000000	11.604444	3093	0.000000
281474976710655.000000	11.988928	3094	0.000000
281474976710655.000000	11.739252	3095	0.000000
281474976710655.000000	11.846817	3096	0.000000
281474976710655.000000	11.500326	3097	0.000000
281474976710655.000000	11.847898	3098	0.000000
281474976710655.000000	11.576019	3099	0.000000
281474976710655.000000	11.964725	3100	0.000000
281474976710655.000000	11.348534	3101	0.000000
281474976710655.000000	11.926712	3102	0.000000
281474976710655.000000	11.474253	3103	0.000000
281474976710655.000000	12.079204	3104	0.000000
281474976710655.000000	11.462671	3105	0.000000
281474976710655.000000	11.904451	3106	0.000000
281474976710655.000000	11.478936	3107	0.000000
281474976710655.000000	11.817021	3108	0.000000
281474976710655.000000	11.367976	3109	0.000000
281474976710655.000000	11.381599	3110	0.000000
281474976710655.000000	11.494469	3111	0.000000
281474976710655.000000	11.737980	3112	0.000000
281474976710655.000000	11.429779	3113	0.000000
281474976710655.000000	11.725811	3114	0.000000
281474976710655.000000	11.345105	3115	0.000000
281474976710655.000000	11.694172	3116	0.000000
281474976710655.000000	11.129574	3117	0.000000
281474976710655.000000	11.441726	3118	0.000000
281474976710655.000000	11.216823	3119	0.000000
281474976710655.000000	11.435817	3120	0.000000
281474976710655.000000	11.134492	3121	0.000000
281474976710655.000000	11.387262	3122	0.000000
281474976710655.000000	11.044500	3123	0.000000
281474976710655.000000	11.500589	3124	0.000000
281474976710655.000000	11.169729	3125	0.000000
281474976710655.000000	11.753675	3126	0.000000
281474976710655.000000	11.081734	3127	0.000000
281474976710655.000000	11.363906	3128	0.000000
281474976710655.000000	11.034035	3129	0.000000
281474976710655.000000	11.213090	3130	0.000000
281474976710655.000000	10.992380	3131	0.000000
281474976710655.000000	11.359589	3132	0.000000
281474976710655.000000	10.965976	3133	0.000000
281474976710655.000000	11.084932	3134	0.000000
281474976710655.000000	10.893845	3135	0.000000
281474976710655.000000	11.132676	3136	0.000000
281474976710655.000000	10.849616	3137	0.000000
281474976710655.000000	11.372013	3138	0.000000
281474976710655.000000	10.855905	3139	0.000000
281474976710655.000000	11.244262	3140	0.000000
281474976710655.000000	10.688118	3141	0.000000
281474976710655.000000	11.325213	3142	0.000000
281474976710655.000000	10.649791	3143	0.000000
281474976710655.000000	11.192740	3144	0.000000
281474976710655.000000	10.543599	3145	0.000000
281474976710655.000000	11.194817	3146	0.000000
281474976710655.000000	10.683043	3147	0.000000
281474976710655.000000	11.209117	3148	0.000000
281474976710655.000000	10.643734	3149	0.000000
281474976710655.000000	11.032557	3150	0.000000
281474976710655.000000	10.767151	3151	0.000000
281474976710655.000000	11.079921	3152	0.000000
281474976710655.000000	10.661613	3153	0.000000
281474976710655.000000	10.877728	3154	0.000000
281474976710655.000000	10.382669	3155	0.000000
281474976710655.000000	10.979051	3156	0.000000
281474976710655.000000	10.464195	3157	0.000000
281474976710655.000000	10.810847	3158	0.000000
281474976710655.000000	10.585347	3159	0.000000
281474976710655.000000	10.904312	3160	0.000000
281474976710655.000000	10.729995	3161	0.000000
281474976710655.000000	11.058051	3162	0.000000
281474976710655.000000	10.792604	3163	0.000000
281474976710655.000000	10.981904	3164	0.000000
281474976710655.000000	10.542759	3165	0.000000
281474976710655.000000	10.934396	3166	0.000000
281474976710655.000000	10.367161	3167	0.000000
281474976710655.000000	10.691221	3168	0.000000
281474976710655.000000	10.309033	3169	0.000000
281474976710655.000000	10.805146	3170	0.000000
281474976710655.000000	10.389217	3171	0.000000
281474976710655.000000	10.775611	3172	0.000000
281474976710655.000000	10.511079	3173	0.000000
281474976710655.000000	10.712969	3174	0.000000
281474976710655.000000	10.534535	3175	0.000000
281474976710655.000000	10.678221	3176	0.000000
281474976710655.000000	10.380109	3177	0.000000
281474976710655.000000	10.616822	3178	0.000000
281474976710655.000000	10.284764	3179	0.000000
281474976710655.000000	10.706523	3180	0.000000
281474976710655.000000	10.262217	3181	0.000000
281474976710655.000000	10.504372	3182	0.000000
281474976710655.000000	10.170724	3183	0.000000
281474976710655.000000	10.375084	3184	0.000000
281474976710655.000000	10.276775	3185	0.000000
281474976710655.000000	10.446320	3186	0.000000
281474976710655.000000	10.156177	3187	0.000000
281474976710655.000000	10.464576	3188	0.000000
281474976710655.000000	10.264407	3189	0.000000
281474976710655.000000	10.314813	3190	0.000000
281474976710655.000000	10.228370	3191	0.000000
281474976710655.000000	10.391754	3192	0.000000
281474976710655.000000	10.115068	3193	0.000000
281474976710655.000000	10.407844	3194	0.000000
281474976710655.000000	10.279959	3195	0.000000
281474976710655.000000	10.362197	3196	0.000000
281474976710655.000000	10.160452	3197	0.000000
281474976710655.000000	10.174560	3198	0.000000
281474976710655.000000	10.063581	3199	0.000000
281474976710655.000000	10.193064	3200	0.000000
281474976710655.000000	9.939744	3201	0.000000
281474976710655.000000	10.178659	3202	0.000000
281474976710655.000000	9.839274	3203	0.000000
281474976710655.000000	10.156753	3204	0.000000
281474976710655.000000	9.908158	3205	0.000000
281474976710655.000000	10.321320	3206	0.000000
281474976710655.000000	9.756685	3207	0.000000
281474976710655.000000	10.142923	3208	0.000000
281474976710655.000000	9.888832	3209	0.000000
281474976710655.000000	10.182087	3210	0.000000
281474976710655.000000	9.826200	3211	0.000000
281474976710655.000000	10.232386	3212	0.000000
281474976710655.000000	9.974941	3213	0.000000
281474976710655.000000	10.126246	3214	0.000000
281474976710655.000000	9.626266	3215	0.000000
281474976710655.000000	10.072823	3216	0.000000
281474976710655.000000	9.639505	3217	0.000000
281474976710655.000000	10.157724	3218	0.000000
281474976710655.000000	9.708457	3219	0.000000
281474976710655.000000	9.968817	3220	0.000000
281474976710655.000000	9.761378	3221	0.000000
281474976710655.000000	10.061363	3222	0.000000
281474976710655.000000	9.611256	3223	0.000000
281474976710655.000000	9.796050	3224	0.000000
281474976710655.000000	9.680016	3225	0.000000
281474976710655.000000	10.049288	3226	0.000000
281474976710655.000000	9.587996	3227	0.000000
281474976710655.000000	9.822055	3228	0.000000
281474976710655.000000	9.686515	3229	0.000000
281474976710655.000000	10.021271	3230	0.000000
281474976710655.000000	9.692691	3231	0.000000
281474976710655.000000	9.846345	3232	0.000000
281474976710655.000000	9.615301	3233	0.000000
281474976710655.000000	9.691727	3234	0.000000
281474976710655.000000	9.535574	3235	0.000000
281474976710655.000000	9.756190	3236	0.000000
281474976710655.000000	9.574655	3237	0.000000
281474976710655.000000	10.004125	3238	0.000000
281474976710655.000000	9.479281	3239	0.000000
281474976710655.000000	9.734407	3240	0.000000
281474976710655.000000	9.465442	3241	0.000000
281474976710655.000000	9.915569	3242	0.000000
281474976710655.000000	9.277985	3243	0.000000
281474976710655.000000	9.658702	3244	0.000000
281474976710655.000000	9.325750	3245	0.000000
281474976710655.000000	9.557945	3246	0.000000
281474976710655.000000	9.385075	3247	0.000000
281474976710655.000000	9.634624	3248	0.000000
281474976710655.000000	9.332901	3249	0.000000
281474976710655.000000	9.590320	3250	0.000000
281474976710655.000000	9.259348	3251	0.000000
281474976710655.000000	9.642868	3252	0.000000
281474976710655.000000	9.218387	3253	0.000000
281474976710655.000000	9.644470	3254	0.000000
281474976710655.000000	9.207154	3255	0.000000
281474976710655.000000	9.626814	3256	0.000000
281474976710655.000000	9.070209	3257	0.000000
281474976710655.000000	9.474151	3258	0.000000
281474976710655.000000	9.229807	3259	0.000000
281474976710655.000000	9.287662	3260	0.000000
281474976710655.000000	9.171775	3261	0.000000
281474976710655.000000	9.354883	3262	0.000000
281474976710655.000000	9.179098	3263	0.000000
281474976710655.000000	9.390841	3264	0.000000
281474976710655.000000	9.184732	3265	0.000000
281474976710655.000000	9.524699	3266	0.000000
281474976710655.000000	9.086854	3267	0.000000
281474976710655.000000	9.316875	3268	0.000000
281474976710655.000000	8.942508	3269	0.000000
281474976710655.000000	9.339829	3270	0.000000
281474976710655.000000	9.092198	3271	0.000000
281474976710655.000000	9.168580	3272	0.000000
281474976710655.000000	9.161691	3273	0.000000
281474976710655.000000	9.253022	3274	0.000000
281474976710655.000000	9.020239	3275	0.000000
281474976710655.000000	9.415819	3276	0.000000
281474976710655.000000	8.793631	3277	0.000000
281474976710655.000000	9.075908	3278	0.000000
281474976710655.000000	8.855104	3279	0.000000
281474976710655.000000	9.196575	3280	0.000000
281474976710655.000000	8.972507	3281	0.000000
281474976710655.000000	9.326684	3282	0.000000
281474976710655.000000	8.976515	3283	0.000000
281474976710655.000000	9.070821	3284	0.000000
281474976710655.000000	9.019582	3285	0.000000
281474976710655.000000	9.152987	3286	0.000000
281474976710655.000000	8.758113	3287	0.000000
281474976710655.000000	9.231061	3288	0.000000
281474976710655.000000	8.714797	3289	0.000000
281474976710655.000000	9.189398	3290	0.000000
281474976710655.000000	8.808881	3291	0.000000
281474976710655.000000	9.026818	3292	0.000000
281474976710655.000000	8.779158	3293	0.000000
281474976710655.000000	9.111370	3294	0.000000
281474976710655.000000	8.732643	3295	0.000000
281474976710655.000000	8.938895	3296	0.000000
281474976710655.000000	8.796844	3297	0.000000
281474976710655.000000	9.099058	3298	0.000000
281474976710655.000000	8.821025	3299	0.000000
281474976710655.000000	9.038954	3300	0.000000
281474976710655.000000	8.790453	3301	0.000000
281474976710655.000000	8.950176	3302	0.000000
281474976710655.000000	8.531233	3303	0.000000
281474976710655.000000	8.956670	3304	0.000000
281474976710655.000000	8.648938	3305	0.000000
281474976710655.000000	8.887348	3306	0.000000
281474976710655.000000	8.534453	3307	0.000000
281474976710655.000000	8.903450	3308	0.000000
281474976710655.000000	8.633758	3309	0.000000
281474976710655.000000	8.889408	3310	0.000000
281474976710655.000000	8.581838	3311	0.000000
281474976710655.000000	8.933448	3312	0.000000
281474976710655.000000	8.554878	3313	0.000000
281474976710655.000000	8.949983	3314	0.000000
281474976710655.000000	8.540920	3315	0.000000
281474976710655.000000	8.771327	3316	0.000000
281474976710655.000000	8.466067	3317	0.000000
281474976710655.000000	8.770860	3318	0.000000
281474976710655.000000	8.520515	3319	0.000000
281474976710655.000000	8.672935	3320	0.000000
281474976710655.000000	8.394760	3321	0.000000
281474976710655.000000	8.568880	3322	0.000000
281474976710655.000000	8.590768	3323	0.000000
281474976710655.000000	8.673433	3324	0.000000
281474976710655.000000	8.310989	3325	0.000000
281474976710655.000000	8.662392	3326	0.000000
281474976710655.000000	8.431025	3327	0.000000
281474976710655.000000	8.667929	3328	0.000000
281474976710655.000000	8.264118	3329	0.000000
281474976710655.000000	8.651943	3330	0.000000
281474976710655.000000	8.364728	3331	0.000000
281474976710655.000000	8.667966	3332	0.000000
281474976710655.000000	8.211900	3333	0.000000
281474976710655.000000	8.608354	3334	0.000000
281474976710655.000000	8.347341	3335	0.000000
281474976710655.000000	8.534119	3336	0.000000
281474976710655.000000	8.295194	3337	0.000000
281474976710655.000000	8.580229	3338	0.000000
281474976710655.000000	8.243872	3339	0.000000
281474976710655.000000	8.488814	3340	0.000000
281474976710655.000000	8.208043	3341	0.000000
281474976710655.000000	8.420334	3342	0.000000
281474976710655.000000	8.130466	3343	0.000000
281474976710655.000000	8.454231	3344	0.000000
281474976710655.000000	8.200358	3345	0.000000
281474976710655.000000	8.474757	3346	0.000000
281474976710655.000000	8.203095	3347	0.000000
281474976710655.000000	8.284866	3348	0.000000
281474976710655.000000	8.164966	3349	0.000000
281474976710655.000000	8.503916	3350	0.000000
281474976710655.000000	8.100729	3351	0.000000
281474976710655.000000	8.432766	3352	0.000000
281474976710655.000000	8.042542	3353	0.000000
281474976710655.000000	8.411289	3354	0.000000
281474976710655.000000	8.159639	3355	0.000000
281474976710655.000000	8.395504	3356	0.000000
281474976710655.000000	7.934748	3357	0.000000
281474976710655.000000	8.160759	3358	0.000000
281474976710655.000000	8.113585	3359	0.000000
281474976710655.000000	8.300575	3360	0.000000
281474976710655.000000	8.163813	3361	0.000000
281474976710655.000000	8.244107	3362	0.000000
281474976710655.000000	8.021514	3363	0.000000
281474976710655.000000	8.292049	3364	0.000000
281474976710655.000000	7.847436	3365	0.000000
281474976710655.000000	8.333263	3366	0.000000
281474976710655.000000	7.897450	3367	0.000000
281474976710655.000000	8.159322	3368	0.000000
281474976710655.000000	7.837401	3369	0.000000
281474976710655.000000	8.253861	3370	0.000000
281474976710655.000000	7.945807	3371	0.000000
281474976710655.000000	8.099677	3372	0.000000
281474976710655.000000	7.939869	3373	0.000000
281474976710655.000000	8.042948	3374	0.000000
281474976710655.000000	7.992597	3375	0.000000
281474976710655.000000	8.079322	3376	0.000000
281474976710655.000000	7.726298	3377	0.000000
281474976710655.000000	8.080374	3378	0.000000
281474976710655.000000	7.814953	3379	0.000000
281474976710655.000000	8.061360	3380	0.000000
281474976710655.000000	7.865866	3381	0.000000
281474976710655.000000	8.093120	3382	0.000000
281474976710655.000000	7.819211	3383	0.000000
281474976710655.000000	8.035173	3384	0.000000
281474976710655.000000	7.724791	3385	0.000000
281474976710655.000000	7.943748	3386	0.000000
281474976710655.000000	7.762586	3387	0.000000
281474976710655.000000	8.069138	3388	0.000000
281474976710655.000000	7.659391	3389	0.000000
281474976710655.000000	8.063744	3390	0.000000
281474976710655.000000	7.577709	3391	0.000000
281474976710655.000000	7.879257	3392	0.000000
281474976710655.000000	7.651593	3393	0.000000
281474976710655.000000	7.766401	3394	0.000000
281474976710655.000000	7.659465	3395	0.000000
281474976710655.000000	7.876388	3396	0.000000
281474976710655.000000	7.679889	3397	0.000000
281474976710655.000000	7.789916	3398	0.000000
281474976710655.000000	7.608408	3399	0.000000
281474976710655.000000	7.882841	3400	0.000000
281474976710655.000000	7.583005	3401	0.000000
281474976710655.000000	7.844935	3402	0.000000
281474976710655.000000	7.517219	3403	0.000000
281474976710655.000000	7.802554	3404	0.000000
281474976710655.000000	7.491241	3405	0.000000
281474976710655.000000	7.748641	3406	0.000000
281474976710655.000000	7.646487	3407	0.000000
281474976710655.000000	7.607135	3408	0.000000
281474976710655.000000	7.450669	3409	0.000000
281474976710655.000000	7.721694	3410	0.000000
281474976710655.000000	7.471520	3411	0.000000
281474976710655.000000	7.750126	3412	0.000000
281474976710655.000000	7.375597	3413	0.000000
281474976710655.000000	7.669992	3414	0.000000
281474976710655.000000	7.392664	3415	0.000000
281474976710655.000000	7.692621	3416	0.000000
281474976710655.000000	7.420445	3417	0.000000
281474976710655.000000	7.633599	3418	0.000000
281474976710655.000000	7.393937	3419	0.000000
281474976710655.000000	7.586531	3420	0.000000
281474976710655.000000	7.346179	3421	0.000000
281474976710655.000000	7.596385	3422	0.000000
281474976710655.000000	7.338265	3423	0.000000
281474976710655.000000	7.543976	3424	0.000000
281474976710655.000000	7.403539	3425	0.000000
281474976710655.000000	7.556030	3426	0.000000
281474976710655.000000	7.276677	3427	0.000000
281474976710655.000000	7.618508	3428	0.000000
281474976710655.000000	7.230844	3429	0.000000
281474976710655.000000	7.546447	3430	0.000000
281474976710655.000000	7.327466	3431	0.000000
281474976710655.000000	7.536806	3432	0.000000
281474976710655.000000	7.240829	3433	0.000000
281474976710655.000000	7.449832	3434	0.000000
281474976710655.000000	7.207729	3435	0.000000
281474976710655.000000	7.449632	3436	0.000000
281474976710655.000000	7.151894	3437	0.000000
281474976710655.000000	7.519621	3438	0.000000
281474976710655.000000	7.221714	3439	0.000000
281474976710655.000000	7.513100	3440	0.000000
281474976710655.000000	7.255898	3441	0.000000
281474976710655.000000	7.413981	3442	0.000000
281474976710655.000000	7.137097	3443	0.000000
281474976710655.000000	7.381768	3444	0.000000
281474976710655.000000	7.094906	3445	0.000000
281474976710655.000000	7.326047	3446	0.000000
281474976710655.000000	7.198142	3447	0.000000
281474976710655.000000	7.337808	3448	0.000000
281474976710655.000000	7.023096	3449	0.000000
281474976710655.000000	7.391433	3450	0.000000
281474976710655.000000	7.033533	3451	0.000000
281474976710655.000000	7.282350	3452	0.000000
281474976710655.000000	7.030180	3453	0.000000
281474976710655.000000	7.342544	3454	0.000000
281474976710655.000000	7.099524	3455	0.000000
281474976710655.000000	7.332433	3456	0.000000
281474976710655.000000	7.066556	3457	0.000000
281474976710655.000000	7.260848	3458	0.000000
281474976710655.000000	6.979149	3459	0.000000
281474976710655.000000	7.194692	3460	0.000000
281474976710655.000000	7.068009	3461	0.000000
281474976710655.000000	7.283000	3462	0.000000
281474976710655.000000	7.032751	3463	0.000000
281474976710655.000000	7.227035	3464	0.000000
281474976710655.000000	6.905891	3465	0.000000
281474976710655.000000	7.147654	3466	0.000000
281474976710655.000000	6.899855	3467	0.000000
281474976710655.000000	7.170972	3468	0.000000
281474976710655.000000	6.882629	3469	0.000000
281474976710655.000000	7.061027	3470	0.000000
281474976710655.000000	6.947122	3471	0.000000
281474976710655.000000	7.099375	3472	0.000000
281474976710655.000000	6.858790	3473	0.000000
281474976710655.000000	7.123616	3474	0.000000
281474976710655.000000	6.816309	3475	0.000000
281474976710655.000000	7.119912	3476	0.000000
281474976710655.000000	6.886619	3477	0.000000
281474976710655.000000	7.085236	3478	0.000000
281474976710655.000000	6.792697	3479	0.000000
281474976710655.000000	7.098053	3480	0.000000
281474976710655.000000	6.854182	3481	0.000000
281474976710655.000000	7.026260	3482	0.000000
281474976710655.000000	6.732285	3483	0.000000
281474976710655.000000	7.063602	3484	0.000000
281474976710655.000000	6.767509	3485	0.000000
281474976710655.000000	6.979389	3486	0.000000
281474976710655.000000	6.752476	3487	0.000000
281474976710655.000000	6.925581	3488	0.000000
281474976710655.000000	6.683037	3489	0.000000
281474976710655.000000	7.037333	3490	0.000000
281474976710655.000000	6.678665	3491	0.000000
281474976710655.000000	6.946569	3492	0.000000
281474976710655.000000	6.718119	3493	0.000000
281474976710655.000000	6.916113	3494	0.000000
281474976710655.000000	6.668355	3495	0.000000
281474976710655.000000	6.851198	3496	0.000000
281474976710655.000000	6.635870	3497	0.000000
281474976710655.000000	6.804627	3498	0.000000
281474976710655.000000	6.598784	3499	0.000000
281474976710655.000000	6.921132	3500	0.000000
281474976710655.000000	6.685350	3501	0.000000
281474976710655.000000	6.834589	3502	0.000000
281474976710655.000000	6.631384	3503	0.000000
281474976710655.000000	6.840696	3504	0.000000
281474976710655.000000	6.558904	3505	0.000000
281474976710655.000000	6.834982	3506	0.000000
281474976710655.000000	6.569660	3507	0.000000
281474976710655.000000	6.793124	3508	0.000000
281474976710655.000000	6.567779	3509	0.000000
281474976710655.000000	6.862016	3510	0.000000
281474976710655.000000	6.581445	3511	0.000000
281474976710655.000000	6.749961	3512	0.000000
281474976710655.000000	6.619039	3513	0.000000
281474976710655.000000	6.787143	3514	0.000000
281474976710655.000000	6.606239	3515	0.000000
281474976710655.000000	6.693397	3516	0.000000
281474976710655.000000	6.519397	3517	0.000000
281474976710655.000000	6.749053	3518	0.000000
281474976710655.000000	6.543601	3519	0.000000
281474976710655.000000	6.609105	3520	0.000000
281474976710655.000000	6.498698	3521	0.000000
281474976710655.000000	6.666460	3522	0.000000
281474976710655.000000	6.477203	3523	0.000000
281474976710655.000000	6.606805	3524	0.000000
281474976710655.000000	6.442264	3525	0.000000
281474976710655.000000	6.649454	3526	0.000000
281474976710655.000000	6.406395	3527	0.000000
281474976710655.000000	6.663691	3528	0.000000
281474976710655.000000	6.461556	3529	0.000000
281474976710655.000000	6.537333	3530	0.000000
281474976710655.000000	6.479690	3531	0.000000
281474976710655.000000	6.590011	3532	0.000000
281474976710655.000000	6.415807	3533	0.000000
281474976710655.000000	6.561453	3534	0.000000
281474976710655.000000	6.384861	3535	0.000000
281474976710655.000000	6.535320	3536	0.000000
281474976710655.000000	6.407368	3537	0.000000
281474976710655.000000	6.603964	3538	0.000000
281474976710655.000000	6.349688	3539	0.000000
281474976710655.000000	6.608521	3540	0.000000
281474976710655.000000	6.339939	3541	0.000000
281474976710655.000000	6.534302	3542	0.000000
281474976710655.000000	6.351770	3543	0.000000
281474976710655.000000	6.445421	3544	0.000000
281474976710655.000000	6.304518	3545	0.000000
281474976710655.000000	6.429931	3546	0.000000
281474976710655.000000	6.310204	3547	0.000000
281474976710655.000000	6.479722	3548	0.000000
281474976710655.000000	6.255514	3549	0.000000
281474976710655.000000	6.490527	3550	0.000000
281474976710655.000000	6.289235	3551	0.000000
281474976710655.000000	6.406335	3552	0.000000
281474976710655.000000	6.182964	3553	0.000000
281474976710655.000000	6.412079	3554	0.000000
281474976710655.000000	6.254749	3555	0.000000
281474976710655.000000	6.433508	3556	0.000000
281474976710655.000000	6.156136	3557	0.000000
281474976710655.000000	6.358581	3558	0.000000
281474976710655.000000	6.171464	3559	0.000000
281474976710655.000000	6.361163	3560	0.000000
281474976710655.000000	6.192060	3561	0.000000
281474976710655.000000	6.337682	3562	0.000000
281474976710655.000000	6.156390	3563	0.000000
281474976710655.000000	6.275972	3564	0.000000
281474976710655.000000	6.125551	3565	0.000000
281474976710655.000000	6.285297	3566	0.000000
281474976710655.000000	6.070292	3567	0.000000
281474976710655.000000	6.262619	3568	0.000000
281474976710655.000000	6.060595	3569	0.000000
281474976710655.000000	6.207310	3570	0.000000
281474976710655.000000	6.088154	3571	0.000000
281474976710655.000000	6.313050	3572	0.000000
281474976710655.000000	6.000504	3573	0.000000
281474976710655.000000	6.261625	3574	0.000000
281474976710655.000000	6.030255	3575	0.000000
281474976710655.000000	6.175307	3576	0.000000
281474976710655.000000	6.037968	3577	0.000000
281474976710655.000000	6.208477	3578	0.000000
281474976710655.000000	6.081975	3579	0.000000
281474976710655.000000	6.166646	3580	0.000000
281474976710655.000000	6.051211	3581	0.000000
281474976710655.000000	6.150150	3582	0.000000
281474976710655.000000	5.968235	3583	0.000000
281474976710655.000000	6.137988	3584	0.000000
281474976710655.000000	6.010089	3585	0.000000
281474976710655.000000	6.163306	3586	0.000000
281474976710655.000000	5.947585	3587	0.000000
281474976710655.000000	6.109067	3588	0.000000
281474976710655.000000	5.965779	3589	0.000000
281474976710655.000000	6.055998	3590	0.000000
281474976710655.000000	5.920125	3591	0.000000
281474976710655.000000	6.091855	3592	0.000000
281474976710655.000000	5.883771	3593	0.000000
281474976710655.000000	6.064355	3594	0.000000
281474976710655.000000	5.895987	3595	0.000000
281474976710655.000000	6.023340	3596	0.000000
281474976710655.000000	5.905103	3597	0.000000
281474976710655.000000	6.005989	3598	0.000000
281474976710655.000000	5.822007	3599	0.000000
281474976710655.000000	6.026989	3600	0.000000
281474976710655.000000	5.820624	3601	0.000000
281474976710655.000000	5.993492	3602	0.000000
281474976710655.000000	5.799585	3603	0.000000
281474976710655.000000	5.977518	3604	0.000000
281474976710655.000000	5.839148	3605	0.000000
281474976710655.000000	5.949521	3606	0.000000
281474976710655.000000	5.778139	3607	0.000000
281474976710655.000000	5.941957	3608	0.000000
281474976710655.000000	5.769639	3609	0.000000
281474976710655.000000	5.912570	3610	0.000000
281474976710655.000000	5.734418	3611	0.000000
281474976710655.000000	5.926939	3612	0.000000
281474976710655.000000	5.740858	3613	0.000000
281474976710655.000000	5.893673	3614	0.000000
281474976710655.000000	5.720138	3615	0.000000
281474976710655.000000	5.874660	3616	0.000000
281474976710655.000000	5.711124	3617	0.000000
281474976710655.000000	5.841731	3618	0.000000
281474976710655.000000	5.732380	3619	0.000000
281474976710655.000000	5.854398	3620	0.000000
281474976710655.000000	5.681057	3621	0.000000
281474976710655.000000	5.771482	3622	0.000000
281474976710655.000000	5.677605	3623	0.000000
281474976710655.000000	5.792989	3624	0.000000
281474976710655.000000	5.677613	3625	0.000000
281474976710655.000000	5.784160	3626	0.000000
281474976710655.000000	5.667627	3627	0.000000
281474976710655.000000	5.794895	3628	0.000000
281474976710655.000000	5.683251	3629	0.000000
281474976710655.000000	5.777569	3630	0.000000
281474976710655.000000	5.655995	3631	0.000000
281474976710655.000000	5.799588	3632	0.000000
281474976710655.000000	5.611500	3633	0.000000
281474976710655.000000	5.771637	3634	0.000000
281474976710655.000000	5.593489	3635	0.000000
281474976710655.000000	5.706476	3636	0.000000
281474976710655.000000	5.572250	3637	0.000000
281474976710655.000000	5.708886	3638	0.000000
281474976710655.000000	5.569732	3639	0.000000
281474976710655.000000	5.663038	3640	0.000000
281474976710655.000000	5.583622	3641	0.000000
281474976710655.000000	5.686434	3642	0.000000
281474976710655.000000	5.528033	3643	0.000000
281474976710655.000000	5.714451	3644	0.000000
281474976710655.000000	5.525632	3645	0.000000
281474976710655.000000	5.650648	3646	0.000000
281474976710655.000000	5.555272	3647	0.000000
281474976710655.000000	5.626822	3648	0.000000
281474976710655.000000	5.556177	3649	0.000000
281474976710655.000000	5.636917	3650	0.000000
281474976710655.000000	5.512820	3651	0.000000
281474976710655.000000	5.610343	3652	0.000000
281474976710655.000000	5.442734	3653	0.000000
281474976710655.000000	5.590367	3654	0.000000
281474976710655.000000	5.478286	3655	0.000000
281474976710655.000000	5.598387	3656	0.000000
281474976710655.000000	5.461612	3657	0.000000
281474976710655.000000	5.603391	3658	0.000000
281474976710655.000000	5.439032	3659	0.000000
281474976710655.000000	5.571841	3660	0.000000
281474976710655.000000	5.443416	3661	0.000000
281474976710655.000000	5.508940	3662	0.000000
281474976710655.000000	5.388117	3663	0.000000
281474976710655.000000	5.514912	3664	0.000000
281474976710655.000000	5.387268	3665	0.000000
281474976710655.000000	5.557880	3666	0.000000
281474976710655.000000	5.375268	3667	0.000000
281474976710655.000000	5.464922	3668	0.000000
281474976710655.000000	5.329335	3669	0.000000
281474976710655.000000	5.464768	3670	0.000000
281474976710655.000000	5.361878	3671	0.000000
281474976710655.000000	5.427186	3672	0.000000
281474976710655.000000	5.321655	3673	0.000000
281474976710655.000000	5.451057	3674	0.000000
281474976710655.000000	5.329356	3675	0.000000
281474976710655.000000	5.433663	3676	0.000000
281474976710655.000000	5.325023	3677	0.000000
281474976710655.000000	5.433585	3678	0.000000
281474976710655.000000	5.310429	3679	0.000000
281474976710655.000000	5.399912	3680	0.000000
281474976710655.000000	5.273374	3681	0.000000
281474976710655.000000	5.379044	3682	0.000000
281474976710655.000000	5.282477	3683	0.000000
281474976710655.000000	5.351432	3684	0.000000
281474976710655.000000	5.257811	3685	0.000000
281474976710655.000000	5.368896	3686	0.000000
281474976710655.000000	5.275020	3687	0.000000
281474976710655.000000	5.358000	3688	0.000000
281474976710655.000000	5.210419	3689	0.000000
281474976710655.000000	5.311558	3690	0.000000
281474976710655.000000	5.187640	3691	0.000000
281474976710655.000000	5.335065	3692	0.000000
281474976710655.000000	5.189213	3693	0.000000
281474976710655.000000	5.278773	3694	0.000000
281474976710655.000000	5.191405	3695	0.000000
281474976710655.000000	5.282456	3696	0.000000
281474976710655.000000	5.199404	3697	0.000000
281474976710655.000000	5.276277	3698	0.000000
281474976710655.000000	5.168794	3699	0.000000
281474976710655.000000	5.270518	3700	0.000000
281474976710655.000000	5.120027	3701	0.000000
281474976710655.000000	5.291741	3702	0.000000
281474976710655.000000	5.138494	3703	0.000000
281474976710655.000000	5.263395	3704	0.000000
281474976710655.000000	5.096536	3705	0.000000
281474976710655.000000	5.217352	3706	0.000000
281474976710655.000000	5.113913	3707	0.000000
281474976710655.000000	5.166361	3708	0.000000
281474976710655.000000	5.071880	3709	0.000000
281474976710655.000000	5.203330	3710	0.000000
281474976710655.000000	5.086934	3711	0.000000
281474976710655.000000	5.175697	3712	0.000000
281474976710655.000000	5.072227	3713	0.000000
281474976710655.000000	5.189835	3714	0.000000
281474976710655.000000	5.058307	3715	0.000000
281474976710655.000000	5.160526	3716	0.000000
281474976710655.000000	5.055720	3717	0.000000
281474976710655.000000	5.119202	3718	0.000000
281474976710655.000000	5.025205	3719	0.000000
281474976710655.000000	5.090000	3720	0.000000
281474976710655.000000	4.999194	3721	0.000000
281474976710655.000000	5.117383	3722	0.000000
281474976710655.000000	5.005084	3723	0.000000
281474976710655.000000	5.088643	3724	0.000000
281474976710655.000000	4.955469	3725	0.000000
281474976710655.000000	5.076349	3726	0.000000
281474976710655.000000	4.975286	3727	0.000000
281474976710655.000000	5.040681	3728	0.000000
281474976710655.000000	4.968878	3729	0.000000
281474976710655.000000	5.039972	3730	0.000000
281474976710655.000000	4.972349	3731	0.000000
281474976710655.000000	5.053416	3732	0.000000
281474976710655.000000	4.928310	3733	0.000000
281474976710655.000000	4.999894	3734	0.000000
281474976710655.000000	4.908072	3735	0.000000
281474976710655.000000	4.970225	3736	0.000000
281474976710655.000000	4.858391	3737	0.000000
281474976710655.000000	4.987703	3738	0.000000
281474976710655.000000	4.886466	3739	0.000000
281474976710655.000000	4.924678	3740	0.000000
281474976710655.000000	4.876018	3741	0.000000
281474976710655.000000	4.968938	3742	0.000000
281474976710655.000000	4.860890	3743	0.000000
281474976710655.000000	4.928482	3744	0.000000
281474976710655.000000	4.846387	3745	0.000000
281474976710655.000000	4.924780	3746	0.000000
281474976710655.000000	4.809525	3747	0.000000
281474976710655.000000	4.898553	3748	0.000000
281474976710655.000000	4.794063	3749	0.000000
281474976710655.000000	4.887549	3750	0.000000
281474976710655.000000	4.812176	3751	0.000000
281474976710655.000000	4.879227	3752	0.000000
281474976710655.000000	4.793099	3753	0.000000
281474976710655.000000	4.878686	3754	0.000000
281474976710655.000000	4.780342	3755	0.000000
281474976710655.000000	4.845093	3756	0.000000
281474976710655.000000	4.786363	3757	0.000000
281474976710655.000000	4.821539	3758	0.000000
281474976710655.000000	4.768036	3759	0.000000
281474976710655.000000	4.840148	3760	0.000000
281474976710655.000000	4.724620	3761	0.000000
281474976710655.000000	4.821152	3762	0.000000
281474976710655.000000	4.717102	3763	0.000000
281474976710655.000000	4.823504	3764	0.000000
281474976710655.000000	4.736284	3765	0.000000
281474976710655.000000	4.791782	3766	0.000000
281474976710655.000000	4.695151	3767	0.000000
281474976710655.000000	4.770699	3768	0.000000
281474976710655.000000	4.693272	3769	0.000000
281474976710655.000000	4.791562	3770	0.000000
281474976710655.000000	4.678206	3771	0.000000
281474976710655.000000	4.762683	3772	0.000000
281474976710655.000000	4.679099	3773	0.000000
281474976710655.000000	4.743624	3774	0.000000
281474976710655.000000	4.628466	3775	0.000000
281474976710655.000000	4.749317	3776	0.000000
281474976710655.000000	4.634487	3777	0.000000
281474976710655.000000	4.715583	3778	0.000000
281474976710655.000000	4.675361	3779	0.000000
281474976710655.000000	4.682572	3780	0.000000
281474976710655.000000	4.632138	3781	0.000000
281474976710655.000000	4.700647	3782	0.000000
281474976710655.000000	4.591422	3783	0.000000
281474976710655.000000	4.685864	3784	0.000000
281474976710655.000000	4.618948	3785	0.000000
281474976710655.000000	4.686105	3786	0.000000
281474976710655.000000	4.599610	3787	0.000000
281474976710655.000000	4.651333	3788	0.000000
281474976710655.000000	4.579967	3789	0.000000
281474976710655.000000	4.625780	3790	0.000000
281474976710655.000000	4.585200	3791	0.000000
281474976710655.000000	4.632792	3792	0.000000
281474976710655.000000	4.572134	3793	0.000000
281474976710655.000000	4.630358	3794	0.000000
281474976710655.000000	4.536918	3795	0.000000
281474976710655.000000	4.623723	3796	0.000000
281474976710655.000000	4.531994	3797	0.000000
281474976710655.000000	4.568677	3798	0.000000
281474976710655.000000	4.501603	3799	0.000000
281474976710655.000000	4.572313	3800	0.000000
281474976710655.000000	4.503661	3801	0.000000
281474976710655.000000	4.540569	3802	0.000000
281474976710655.000000	4.515790	3803	0.000000
281474976710655.000000	4.528248	3804	0.000000
281474976710655.000000	4.490901	3805	0.000000
281474976710655.000000	4.564447	3806	0.000000
281474976710655.000000	4.459017	3807	0.000000
281474976710655.000000	4.568584	3808	0.000000
281474976710655.000000	4.447095	3809	0.000000
281474976710655.000000	4.524481	3810	0.000000
281474976710655.000000	4.428722	3811	0.000000
281474976710655.000000	4.476968	3812	0.000000
281474976710655.000000	4.441876	3813	0.000000
281474976710655.000000	4.492595	3814	0.000000
281474976710655.000000	4.424052	3815	0.000000
281474976710655.000000	4.488039	3816	0.000000
281474976710655.000000	4.434521	3817	0.000000
281474976710655.000000	4.462873	3818	0.000000
281474976710655.000000	4.391877	3819	0.000000
281474976710655.000000	4.492690	3820	0.000000
281474976710655.000000	4.406869	3821	0.000000
281474976710655.000000	4.466106	3822	0.000000
281474976710655.000000	4.400851	3823	0.000000
281474976710655.000000	4.416248	3824	0.000000
281474976710655.000000	4.373601	3825	0.000000
281474976710655.000000	4.410554	3826	0.000000
281474976710655.000000	4.368861	3827	0.000000
281474976710655.000000	4.411320	3828	0.000000
281474976710655.000000	4.366376	3829	0.000000
281474976710655.000000	4.414188	3830	0.000000
281474976710655.000000	4.339395	3831	0.000000
281474976710655.000000	4.396841	3832	0.000000
281474976710655.000000	4.330695	3833	0.000000
281474976710655.000000	4.395030	3834	0.000000
281474976710655.000000	4.350365	3835	0.000000
281474976710655.000000	4.362736	3836	0.000000
281474976710655.000000	4.331010	3837	0.000000
281474976710655.000000	4.354970	3838	0.000000
281474976710655.000000	4.317341	3839	0.000000
281474976710655.000000	4.326105	3840	0.000000
281474976710655.000000	4.308069	3841	0.000000
281474976710655.000000	4.348821	3842	0.000000
281474976710655.000000	4.282778	3843	0.000000
281474976710655.000000	4.341635	3844	0.000000
281474976710655.000000	4.277565	3845	0.000000
281474976710655.000000	4.304934	3846	0.000000
281474976710655.000000	4.279772	3847	0.000000
281474976710655.000000	4.301847	3848	0.000000
281474976710655.000000	4.291944	3849	0.000000
281474976710655.000000	4.266342	3850	0.000000
281474976710655.000000	4.254559	3851	0.000000
281474976710655.000000	4.312904	3852	0.000000
281474976710655.000000	4.234342	3853	0.000000
281474976710655.000000	4.288846	3854	0.000000
281474976710655.000000	4.238782	3855	0.000000
281474976710655.000000	4.290670	3856	0.000000
281474976710655.000000	4.202452	3857	0.000000
281474976710655.000000	4.256979	3858	0.000000
281474976710655.000000	4.216024	3859	0.000000
281474976710655.000000	4.227348	3860	0.000000
281474976710655.000000	4.226948	3861	0.000000
281474976710655.000000	4.238402	3862	0.000000
281474976710655.000000	4.200385	3863	0.000000
281474976710655.000000	4.215528	3864	0.000000
281474976710655.000000	4.182885	3865	0.000000
281474976710655.000000	4.208425	3866	0.000000
281474976710655.000000	4.183010	3867	0.000000
281474976710655.000000	4.196172	3868	0.000000
281474976710655.000000	4.173666	3869	0.000000
281474976710655.000000	4.187212	3870	0.000000
281474976710655.000000	4.164237	3871	0.000000
281474976710655.000000	4.198837	3872	0.000000
281474976710655.000000	4.154900	3873	0.000000
281474976710655.000000	4.166008	3874	0.000000
281474976710655.000000	4.156889	3875	0.000000
281474976710655.000000	4.175179	3876	0.000000
281474976710655.000000	4.106438	3877	0.000000
281474976710655.000000	4.172912	3878	0.000000
281474976710655.000000	4.114634	3879	0.000000
281474976710655.000000	4.166711	3880	0.000000
281474976710655.000000	4.106930	3881	0.000000
281474976710655.000000	4.142205	3882	0.000000
281474976710655.000000	4.099266	3883	0.000000
281474976710655.000000	4.116903	3884	0.000000
281474976710655.000000	4.088368	3885	0.000000
281474976710655.000000	4.105730	3886	0.000000
281474976710655.000000	4.094611	3887	0.000000
281474976710655.000000	4.087111	3888	0.000000
281474976710655.000000	4.048636	3889	0.000000
281474976710655.000000	4.104343	3890	0.000000
281474976710655.000000	4.066175	3891	0.000000
281474976710655.000000	4.076029	3892	0.000000
281474976710655.000000	4.067829	3893	0.000000
281474976710655.000000	4.061755	3894	0.000000
281474976710655.000000	4.025161	3895	0.000000
281474976710655.000000	4.054316	3896	0.000000
281474976710655.000000	4.041307	3897	0.000000
281474976710655.000000	4.038159	3898	0.000000
281474976710655.000000	4.007311	3899	0.000000
281474976710655.000000	4.048897	3900	0.000000
281474976710655.000000	3.988284	3901	0.000000
281474976710655.000000	4.038105	3902	0.000000
281474976710655.000000	3.987725	3903	0.000000
281474976710655.000000	4.015639	3904	0.000000
281474976710655.000000	3.983793	3905	0.000000
281474976710655.000000	4.008617	3906	0.000000
281474976710655.000000	3.973973	3907	0.000000
281474976710655.000000	3.985049	3908	0.000000
281474976710655.000000	3.984367	3909	0.000000
281474976710655.000000	3.992232	3910	0.000000
281474976710655.000000	3.975876	3911	0.000000
281474976710655.000000	3.978650	3912	0.000000
281474976710655.000000	3.957793	3913	0.000000
281474976710655.000000	3.962161	3914	0.000000
281474976710655.000000	3.927352	3915	0.000000
281474976710655.000000	3.968751	3916	0.000000
281474976710655.000000	3.923323	3917	0.000000
281474976710655.000000	3.957698	3918	0.000000
281474976710655.000000	3.928919	3919	0.000000
281474976710655.000000	3.941407	3920	0.000000
281474976710655.000000	3.903483	3921	0.000000
281474976710655.000000	3.928657	3922	0.000000
281474976710655.000000	3.915057	3923	0.000000
281474976710655.000000	3.917762	3924	0.000000
281474976710655.000000	3.882591	3925	0.000000
281474976710655.000000	3.925180	3926	0.000000
281474976710655.000000	3.896632	3927	0.000000
281474976710655.000000	3.918262	3928	0.000000
281474976710655.000000	3.894541	3929	0.000000
281474976710655.000000	3.910117	3930	0.000000
281474976710655.000000	3.891792	3931	0.000000
281474976710655.000000	3.895681	3932	0.000000
281474976710655.000000	3.861613	3933	0.000000
281474976710655.000000	3.890374	3934	0.000000
281474976710655.000000	3.856015	3935	0.000000
281474976710655.000000	3.883683	3936	0.000000
281474976710655.000000	3.852156	3937	0.000000
281474976710655.000000	3.860153	3938	0.000000
281474976710655.000000	3.850388	3939	0.000000
281474976710655.000000	3.849987	3940	0.000000
281474976710655.000000	3.816555	3941	0.000000
281474976710655.000000	3.852965	3942	0.000000
281474976710655.000000	3.807516	3943	0.000000
281474976710655.000000	3.828503	3944	0.000000
281474976710655.000000	3.813138	3945	0.000000
281474976710655.000000	3.800092	3946	0.000000
281474976710655.000000	3.792108	3947	0.000000
281474976710655.000000	3.806794	3948	0.000000
281474976710655.000000	3.800678	3949	0.000000
281474976710655.000000	3.797396	3950	0.000000
281474976710655.000000	3.777856	3951	0.000000
281474976710655.000000	3.774320	3952	0.000000
281474976710655.000000	3.763653	3953	0.000000
281474976710655.000000	3.761090	3954	0.000000
281474976710655.000000	3.771305	3955	0.000000
281474976710655.000000	3.777365	3956	0.000000
281474976710655.000000	3.752574	3957	0.000000
281474976710655.000000	3.763758	3958	0.000000
281474976710655.000000	3.748888	3959	0.000000
281474976710655.000000	3.739201	3960	0.000000
281474976710655.000000	3.729315	3961	0.000000
281474976710655.000000	3.746773	3962	0.000000
281474976710655.000000	3.720831	3963	0.000000
281474976710655.000000	3.734099	3964	0.000000
281474976710655.000000	3.717818	3965	0.000000
281474976710655.000000	3.725252	3966	0.000000
281474976710655.000000	3.715865	3967	0.000000
281474976710655.000000	3.720744	3968	0.000000
281474976710655.000000	3.703678	3969	0.000000
281474976710655.000000	3.695935	3970	0.000000
281474976710655.000000	3.707236	3971	0.000000
281474976710655.000000	3.709149	3972	0.000000
281474976710655.000000	3.677314	3973	0.000000
281474976710655.000000	3.680779	3974	0.000000
281474976710655.000000	3.685332	3975	0.000000
281474976710655.000000	3.691813	3976	0.000000
281474976710655.000000	3.680041	3977	0.000000
281474976710655.000000	3.660401	3978	0.000000
281474976710655.000000	3.673065	3979	0.000000
281474976710655.000000	3.658229	3980	0.000000
281474976710655.000000	3.650342	3981	0.000000
281474976710655.000000	3.649986	3982	0.000000
281474976710655.000000	3.644640	3983	0.000000
281474976710655.000000	3.643659	3984	0.000000
281474976710655.000000	3.632587	3985	0.000000
281474976710655.000000	3.613736	3986	0.000000
281474976710655.000000	3.610504	3987	0.000000
281474976710655.000000	3.628564	3988	0.000000
281474976710655.000000	3.612089	3989	0.000000
281474976710655.000000	3.592680	3990	0.000000
281474976710655.000000	3.599289	3991	0.000000
281474976710655.000000	3.606445	3992	0.000000
281474976710655.000000	3.575932	3993	0.000000
281474976710655.000000	3.579887	3994	0.000000
281474976710655.000000	3.583429	3995	0.000000
281474976710655.000000	3.573496	3996	0.000000
281474976710655.000000	3.560844	3997	0.000000
281474976710655.000000	3.567563	3998	0.000000
281474976710655.000000	3.570494	3999	0.000000
281474976710655.000000	3.556819	4000	0.000000
281474976710655.000000	3.539793	4001	0.000000
281474976710655.000000	3.559576	4002	0.000000
281474976710655.000000	3.547065	4003	0.000000
281474976710655.000000	3.542362	4004	0.000000
281474976710655.000000	3.533707	4005	0.000000
281474976710655.000000	3.538884	4006	0.000000
281474976710655.000000	3.518450	4007	0.000000
281474976710655.000000	3.516066	4008	0.000000
281474976710655.000000	3.509583	4009	0.000000
281474976710655.000000	3.506446	4010	0.000000
281474976710655.000000	3.506904	4011	0.000000
281474976710655.000000	3.493076	4012	0.000000
281474976710655.000000	3.481240	4013	0.000000
281474976710655.000000	3.500494	4014	0.000000
281474976710655.000000	3.489312	4015	0.000000
281474976710655.000000	3.486878	4016	0.000000
281474976710655.000000	3.484882	4017	0.000000
281474976710655.000000	3.478249	4018	0.000000
281474976710655.000000	3.460792	4019	0.000000
281474976710655.000000	3.472770	4020	0.000000
281474976710655.000000	3.455606	4021	0.000000
281474976710655.000000	3.448298	4022	0.000000
281474976710655.000000	3.453550	4023	0.000000
281474976710655.000000	3.434007	4024	0.000000
281474976710655.000000	3.445322	4025	0.000000
281474976710655.000000	3.438889	4026	0.000000
281474976710655.000000	3.424879	4027	0.000000
281474976710655.000000	3.428386	4028	0.000000
281474976710655.000000	3.420308	4029	0.000000
281474976710655.000000	3.413543	4030	0.000000
281474976710655.000000	3.428852	4031	0.000000
281474976710655.000000	3.408171	4032	0.000000
281474976710655.000000	3.406917	4033	0.000000
281474976710655.000000	3.397965	4034	0.000000
281474976710655.000000	3.402831	4035	0.000000
281474976710655.000000	3.401532	4036	0.000000
281474976710655.000000	3.387552	4037	0.000000
281474976710655.000000	3.383060	4038	0.000000
281474976710655.000000	3.377824	4039	0.000000
281474976710655.000000	3.370875	4040	0.000000
281474976710655.000000	3.384893	4041	0.000000
281474976710655.000000	3.353871	4042	0.000000
281474976710655.000000	3.355237	4043	0.000000
281474976710655.000000	3.344570	4044	0.000000
281474976710655.000000	3.363212	4045	0.000000
281474976710655.000000	3.337349	4046	0.000000
281474976710655.000000	3.332427	4047	0.000000
281474976710655.000000	3.333721	4048	0.000000
281474976710655.000000	3.331514	4049	0.000000
281474976710655.000000	3.320842	4050	0.000000
281474976710655.000000	3.327418	4051	0.000000
281474976710655.000000	3.299856	4052	0.000000
281474976710655.000000	3.320570	4053	0.000000
281474976710655.000000	3.310327	4054	0.000000
281474976710655.000000	3.322142	4055	0.000000
281474976710655.000000	3.283916	4056	0.000000
281474976710655.000000	3.293799	4057	0.000000
281474976710655.000000	3.288920	4058	0.000000
281474976710655.000000	3.289891	4059	0.000000
281474976710655.000000	3.285795	4060	0.000000
281474976710655.000000	3.280675	4061	0.000000
281474976710655.000000	3.264483	4062	0.000000
281474976710655.000000	3.286290	4063	0.000000
281474976710655.000000	3.257691	4064	0.000000
281474976710655.000000	3.272808	4065	0.000000
281474976710655.000000	3.239597	4066	0.000000
281474976710655.000000	3.256763	4067	0.000000
281474976710655.000000	3.239793	4068	0.000000
281474976710655.000000	3.242060	4069	0.000000
281474976710655.000000	3.229143	4070	0.000000
281474976710655.000000	3.233292	4071	0.000000
281474976710655.000000	3.217972	4072	0.000000
281474976710655.000000	3.230275	4073	0.000000
281474976710655.000000	3.215936	4074	0.000000
281474976710655.000000	3.210187	4075	0.000000
281474976710655.000000	3.213334	4076	0.000000
281474976710655.000000	3.213973	4077	0.000000
281474976710655.000000	3.183228	4078	0.000000
281474976710655.000000	3.199897	4079	0.000000
