crossing time (s)	slope (V/s)	crossing number
281474976710655.000000	28.526188	4418	0.000000
281474976710655.000000	28.976738	4419	0.000000
281474976710655.000000	29.246817	4420	0.000000
281474976710655.000000	27.665625	4421	0.000000
281474976710655.000000	28.421806	4422	0.000000
281474976710655.000000	26.127918	4423	0.000000
281474976710655.000000	30.886204	4424	0.000000
281474976710655.000000	25.505447	4425	0.000000
281474976710655.000000	27.851410	4426	0.000000
281474976710655.000000	27.546656	4427	0.000000
281474976710655.000000	26.737339	4428	0.000000
281474976710655.000000	28.788733	4429	0.000000
281474976710655.000000	27.156839	4430	0.000000
281474976710655.000000	27.432989	4431	0.000000
281474976710655.000000	27.784077	4432	0.000000
281474976710655.000000	30.463106	4433	0.000000
281474976710655.000000	26.977774	4434	0.000000
281474976710655.000000	25.469660	4435	0.000000
281474976710655.000000	27.248600	4436	0.000000
281474976710655.000000	25.924976	4437	0.000000
281474976710655.000000	26.817862	4438	0.000000
281474976710655.000000	28.473989	4439	0.000000
281474976710655.000000	26.396624	4440	0.000000
281474976710655.000000	26.534307	4441	0.000000
281474976710655.000000	27.269222	4442	0.000000
281474976710655.000000	25.767464	4443	0.000000
281474976710655.000000	28.028484	4444	0.000000
281474976710655.000000	26.768160	4445	0.000000
281474976710655.000000	26.481939	4446	0.000000
281474976710655.000000	26.799952	4447	0.000000
281474976710655.000000	26.562366	4448	0.000000
281474976710655.000000	24.923687	4449	0.000000
281474976710655.000000	26.991236	4450	0.000000
281474976710655.000000	26.587713	4451	0.000000
281474976710655.000000	28.463966	4452	0.000000
281474976710655.000000	27.945278	4453	0.000000
281474976710655.000000	28.162962	4454	0.000000
281474976710655.000000	25.774984	4455	0.000000
281474976710655.000000	26.346930	4456	0.000000
281474976710655.000000	26.342506	4457	0.000000
281474976710655.000000	29.140995	4458	0.000000
281474976710655.000000	26.378555	4459	0.000000
281474976710655.000000	29.326447	4460	0.000000
281474976710655.000000	24.585043	4461	0.000000
281474976710655.000000	25.955765	4462	0.000000
281474976710655.000000	25.483557	4463	0.000000
281474976710655.000000	26.845385	4464	0.000000
281474976710655.000000	26.591999	4465	0.000000
281474976710655.000000	29.066177	4466	0.000000
281474976710655.000000	24.734318	4467	0.000000
281474976710655.000000	26.575857	4468	0.000000
281474976710655.000000	26.154598	4469	0.000000
281474976710655.000000	24.958111	4470	0.000000
281474976710655.000000	25.306301	4471	0.000000
281474976710655.000000	26.150679	4472	0.000000
281474976710655.000000	26.456032	4473	0.000000
281474976710655.000000	24.629133	4474	0.000000
281474976710655.000000	26.061111	4475	0.000000
281474976710655.000000	26.495337	4476	0.000000
281474976710655.000000	26.506472	4477	0.000000
281474976710655.000000	25.530575	4478	0.000000
281474976710655.000000	25.476225	4479	0.000000
281474976710655.000000	28.582230	4480	0.000000
281474976710655.000000	24.397690	4481	0.000000
281474976710655.000000	27.071718	4482	0.000000
281474976710655.000000	25.449148	4483	0.000000
281474976710655.000000	27.321514	4484	0.000000
281474976710655.000000	24.424421	4485	0.000000
281474976710655.000000	25.666229	4486	0.000000
281474976710655.000000	25.522900	4487	0.000000
281474976710655.000000	27.045168	4488	0.000000
281474976710655.000000	25.079964	4489	0.000000
281474976710655.000000	26.338478	4490	0.000000
281474976710655.000000	24.720793	4491	0.000000
281474976710655.000000	25.181997	4492	0.000000
281474976710655.000000	24.606283	4493	0.000000
281474976710655.000000	25.962887	4494	0.000000
281474976710655.000000	24.411724	4495	0.000000
281474976710655.000000	25.900211	4496	0.000000
281474976710655.000000	24.846001	4497	0.000000
281474976710655.000000	23.622105	4498	0.000000
281474976710655.000000	25.731693	4499	0.000000
281474976710655.000000	23.363651	4500	0.000000
281474976710655.000000	23.107506	4501	0.000000
281474976710655.000000	23.986261	4502	0.000000
281474976710655.000000	27.056452	4503	0.000000
281474976710655.000000	23.836668	4504	0.000000
281474976710655.000000	23.017059	4505	0.000000
281474976710655.000000	24.647682	4506	0.000000
281474976710655.000000	24.886980	4507	0.000000
281474976710655.000000	23.417067	4508	0.000000
281474976710655.000000	24.240129	4509	0.000000
281474976710655.000000	24.540207	4510	0.000000
281474976710655.000000	25.311714	4511	0.000000
281474976710655.000000	25.939680	4512	0.000000
281474976710655.000000	25.864786	4513	0.000000
281474976710655.000000	25.917641	4514	0.000000
281474976710655.000000	22.726568	4515	0.000000
281474976710655.000000	26.239082	4516	0.000000
281474976710655.000000	24.581762	4517	0.000000
281474976710655.000000	24.648483	4518	0.000000
281474976710655.000000	22.656349	4519	0.000000
281474976710655.000000	24.573221	4520	0.000000
281474976710655.000000	25.200392	4521	0.000000
281474976710655.000000	24.964161	4522	0.000000
281474976710655.000000	26.537920	4523	0.000000
281474976710655.000000	24.673548	4524	0.000000
281474976710655.000000	23.951710	4525	0.000000
281474976710655.000000	23.217232	4526	0.000000
281474976710655.000000	24.807045	4527	0.000000
281474976710655.000000	23.779144	4528	0.000000
281474976710655.000000	24.737974	4529	0.000000
281474976710655.000000	25.792099	4530	0.000000
281474976710655.000000	23.613588	4531	0.000000
281474976710655.000000	24.780611	4532	0.000000
281474976710655.000000	24.326012	4533	0.000000
281474976710655.000000	24.818357	4534	0.000000
281474976710655.000000	24.292559	4535	0.000000
281474976710655.000000	25.432306	4536	0.000000
281474976710655.000000	22.170313	4537	0.000000
281474976710655.000000	23.074713	4538	0.000000
281474976710655.000000	23.885519	4539	0.000000
281474976710655.000000	22.312986	4540	0.000000
281474976710655.000000	24.356533	4541	0.000000
281474976710655.000000	22.367077	4542	0.000000
281474976710655.000000	21.638603	4543	0.000000
281474976710655.000000	23.396996	4544	0.000000
281474976710655.000000	25.158604	4545	0.000000
281474976710655.000000	24.199871	4546	0.000000
281474976710655.000000	23.876930	4547	0.000000
281474976710655.000000	24.839008	4548	0.000000
281474976710655.000000	21.745285	4549	0.000000
281474976710655.000000	24.762337	4550	0.000000
281474976710655.000000	25.186188	4551	0.000000
281474976710655.000000	24.507359	4552	0.000000
281474976710655.000000	21.683504	4553	0.000000
281474976710655.000000	23.783924	4554	0.000000
281474976710655.000000	22.000614	4555	0.000000
281474976710655.000000	22.929007	4556	0.000000
281474976710655.000000	22.092402	4557	0.000000
281474976710655.000000	23.952299	4558	0.000000
281474976710655.000000	23.807325	4559	0.000000
281474976710655.000000	21.739408	4560	0.000000
281474976710655.000000	23.303337	4561	0.000000
281474976710655.000000	25.186134	4562	0.000000
281474976710655.000000	23.972860	4563	0.000000
281474976710655.000000	24.346052	4564	0.000000
281474976710655.000000	22.711994	4565	0.000000
281474976710655.000000	23.065401	4566	0.000000
281474976710655.000000	21.499937	4567	0.000000
281474976710655.000000	21.744606	4568	0.000000
281474976710655.000000	23.549709	4569	0.000000
281474976710655.000000	22.934481	4570	0.000000
281474976710655.000000	21.525982	4571	0.000000
281474976710655.000000	23.480318	4572	0.000000
281474976710655.000000	22.634050	4573	0.000000
281474976710655.000000	23.214676	4574	0.000000
281474976710655.000000	23.369877	4575	0.000000
281474976710655.000000	21.967085	4576	0.000000
281474976710655.000000	21.617115	4577	0.000000
281474976710655.000000	22.458292	4578	0.000000
281474976710655.000000	20.781694	4579	0.000000
281474976710655.000000	21.269316	4580	0.000000
281474976710655.000000	21.856392	4581	0.000000
281474976710655.000000	22.597605	4582	0.000000
281474976710655.000000	23.015991	4583	0.000000
281474976710655.000000	21.864990	4584	0.000000
281474976710655.000000	21.962244	4585	0.000000
281474976710655.000000	21.945021	4586	0.000000
281474976710655.000000	21.051674	4587	0.000000
281474976710655.000000	22.096029	4588	0.000000
281474976710655.000000	21.381361	4589	0.000000
281474976710655.000000	23.500692	4590	0.000000
281474976710655.000000	20.890327	4591	0.000000
281474976710655.000000	22.089981	4592	0.000000
281474976710655.000000	21.734665	4593	0.000000
281474976710655.000000	22.197594	4594	0.000000
281474976710655.000000	21.762093	4595	0.000000
281474976710655.000000	22.833759	4596	0.000000
281474976710655.000000	21.493208	4597	0.000000
281474976710655.000000	22.757906	4598	0.000000
281474976710655.000000	22.064035	4599	0.000000
281474976710655.000000	21.569183	4600	0.000000
281474976710655.000000	21.400438	4601	0.000000
281474976710655.000000	21.696400	4602	0.000000
281474976710655.000000	21.908234	4603	0.000000
281474976710655.000000	22.944681	4604	0.000000
281474976710655.000000	21.429205	4605	0.000000
281474976710655.000000	21.299183	4606	0.000000
281474976710655.000000	20.646662	4607	0.000000
281474976710655.000000	23.746090	4608	0.000000
281474976710655.000000	21.732527	4609	0.000000
281474976710655.000000	21.081600	4610	0.000000
281474976710655.000000	21.271637	4611	0.000000
281474976710655.000000	20.960920	4612	0.000000
281474976710655.000000	21.620600	4613	0.000000
281474976710655.000000	21.713877	4614	0.000000
281474976710655.000000	19.793459	4615	0.000000
281474976710655.000000	21.259424	4616	0.000000
281474976710655.000000	20.456303	4617	0.000000
281474976710655.000000	22.472321	4618	0.000000
281474976710655.000000	20.780430	4619	0.000000
281474976710655.000000	21.140696	4620	0.000000
281474976710655.000000	21.922846	4621	0.000000
281474976710655.000000	21.668261	4622	0.000000
281474976710655.000000	21.332998	4623	0.000000
281474976710655.000000	20.797375	4624	0.000000
281474976710655.000000	20.159361	4625	0.000000
281474976710655.000000	20.960257	4626	0.000000
281474976710655.000000	20.623583	4627	0.000000
281474976710655.000000	21.288786	4628	0.000000
281474976710655.000000	21.157339	4629	0.000000
281474976710655.000000	20.207582	4630	0.000000
281474976710655.000000	20.813652	4631	0.000000
281474976710655.000000	21.398735	4632	0.000000
281474976710655.000000	20.074169	4633	0.000000
281474976710655.000000	21.103477	4634	0.000000
281474976710655.000000	20.055641	4635	0.000000
281474976710655.000000	20.682013	4636	0.000000
281474976710655.000000	20.552641	4637	0.000000
281474976710655.000000	20.606291	4638	0.000000
281474976710655.000000	19.680355	4639	0.000000
281474976710655.000000	20.646111	4640	0.000000
281474976710655.000000	20.482380	4641	0.000000
281474976710655.000000	19.399923	4642	0.000000
281474976710655.000000	20.470289	4643	0.000000
281474976710655.000000	21.076139	4644	0.000000
281474976710655.000000	20.470367	4645	0.000000
281474976710655.000000	20.828989	4646	0.000000
281474976710655.000000	20.323917	4647	0.000000
281474976710655.000000	20.766283	4648	0.000000
281474976710655.000000	19.750427	4649	0.000000
281474976710655.000000	20.846512	4650	0.000000
281474976710655.000000	19.889084	4651	0.000000
281474976710655.000000	20.902578	4652	0.000000
281474976710655.000000	19.778667	4653	0.000000
281474976710655.000000	20.781450	4654	0.000000
281474976710655.000000	19.698378	4655	0.000000
281474976710655.000000	19.140127	4656	0.000000
281474976710655.000000	20.102055	4657	0.000000
281474976710655.000000	20.316708	4658	0.000000
281474976710655.000000	19.716076	4659	0.000000
281474976710655.000000	20.061062	4660	0.000000
281474976710655.000000	20.261318	4661	0.000000
281474976710655.000000	20.913729	4662	0.000000
281474976710655.000000	19.118986	4663	0.000000
281474976710655.000000	19.116753	4664	0.000000
281474976710655.000000	18.782707	4665	0.000000
281474976710655.000000	20.615051	4666	0.000000
281474976710655.000000	19.800390	4667	0.000000
281474976710655.000000	19.765368	4668	0.000000
281474976710655.000000	19.889370	4669	0.000000
281474976710655.000000	20.049446	4670	0.000000
281474976710655.000000	19.911654	4671	0.000000
281474976710655.000000	21.100657	4672	0.000000
281474976710655.000000	19.296049	4673	0.000000
281474976710655.000000	20.039862	4674	0.000000
281474976710655.000000	18.481989	4675	0.000000
281474976710655.000000	19.748590	4676	0.000000
281474976710655.000000	19.163090	4677	0.000000
281474976710655.000000	19.382685	4678	0.000000
281474976710655.000000	18.626801	4679	0.000000
281474976710655.000000	18.567039	4680	0.000000
281474976710655.000000	19.432095	4681	0.000000
281474976710655.000000	19.729242	4682	0.000000
281474976710655.000000	18.168352	4683	0.000000
281474976710655.000000	19.507643	4684	0.000000
281474976710655.000000	18.292366	4685	0.000000
281474976710655.000000	18.924438	4686	0.000000
281474976710655.000000	19.223566	4687	0.000000
281474976710655.000000	19.742315	4688	0.000000
281474976710655.000000	18.600918	4689	0.000000
281474976710655.000000	19.991772	4690	0.000000
281474976710655.000000	18.751009	4691	0.000000
281474976710655.000000	18.374969	4692	0.000000
281474976710655.000000	18.611105	4693	0.000000
281474976710655.000000	19.115082	4694	0.000000
281474976710655.000000	19.604292	4695	0.000000
281474976710655.000000	18.841154	4696	0.000000
281474976710655.000000	18.733667	4697	0.000000
281474976710655.000000	19.500294	4698	0.000000
281474976710655.000000	18.645809	4699	0.000000
281474976710655.000000	18.775732	4700	0.000000
281474976710655.000000	18.588591	4701	0.000000
281474976710655.000000	18.899797	4702	0.000000
281474976710655.000000	18.145441	4703	0.000000
281474976710655.000000	19.294817	4704	0.000000
281474976710655.000000	17.833906	4705	0.000000
281474976710655.000000	18.754272	4706	0.000000
281474976710655.000000	18.354740	4707	0.000000
281474976710655.000000	17.993387	4708	0.000000
281474976710655.000000	18.867397	4709	0.000000
281474976710655.000000	18.753265	4710	0.000000
281474976710655.000000	18.850252	4711	0.000000
281474976710655.000000	18.465302	4712	0.000000
281474976710655.000000	17.828365	4713	0.000000
281474976710655.000000	19.092249	4714	0.000000
281474976710655.000000	18.325466	4715	0.000000
281474976710655.000000	17.977905	4716	0.000000
281474976710655.000000	18.285513	4717	0.000000
281474976710655.000000	18.164423	4718	0.000000
281474976710655.000000	17.564783	4719	0.000000
281474976710655.000000	18.508661	4720	0.000000
281474976710655.000000	18.243868	4721	0.000000
281474976710655.000000	18.498980	4722	0.000000
281474976710655.000000	18.218527	4723	0.000000
281474976710655.000000	18.265772	4724	0.000000
281474976710655.000000	17.875044	4725	0.000000
281474976710655.000000	18.749504	4726	0.000000
281474976710655.000000	17.588905	4727	0.000000
281474976710655.000000	18.605757	4728	0.000000
281474976710655.000000	17.198458	4729	0.000000
281474976710655.000000	18.063845	4730	0.000000
281474976710655.000000	17.130449	4731	0.000000
281474976710655.000000	17.770710	4732	0.000000
281474976710655.000000	17.417776	4733	0.000000
281474976710655.000000	17.154234	4734	0.000000
281474976710655.000000	17.720396	4735	0.000000
281474976710655.000000	18.066843	4736	0.000000
281474976710655.000000	17.154535	4737	0.000000
281474976710655.000000	17.525389	4738	0.000000
281474976710655.000000	17.817133	4739	0.000000
281474976710655.000000	18.566669	4740	0.000000
281474976710655.000000	17.099279	4741	0.000000
281474976710655.000000	17.932245	4742	0.000000
281474976710655.000000	16.844103	4743	0.000000
281474976710655.000000	17.434265	4744	0.000000
281474976710655.000000	17.135969	4745	0.000000
281474976710655.000000	17.365700	4746	0.000000
281474976710655.000000	17.586779	4747	0.000000
281474976710655.000000	18.207222	4748	0.000000
281474976710655.000000	17.545330	4749	0.000000
281474976710655.000000	17.710285	4750	0.000000
281474976710655.000000	17.406384	4751	0.000000
281474976710655.000000	17.365009	4752	0.000000
281474976710655.000000	17.295486	4753	0.000000
281474976710655.000000	17.298998	4754	0.000000
281474976710655.000000	16.908596	4755	0.000000
281474976710655.000000	17.041677	4756	0.000000
281474976710655.000000	16.858612	4757	0.000000
281474976710655.000000	17.417362	4758	0.000000
281474976710655.000000	16.816774	4759	0.000000
281474976710655.000000	17.126539	4760	0.000000
281474976710655.000000	16.975302	4761	0.000000
281474976710655.000000	17.536119	4762	0.000000
281474976710655.000000	16.310989	4763	0.000000
281474976710655.000000	17.662159	4764	0.000000
281474976710655.000000	16.381308	4765	0.000000
281474976710655.000000	17.810631	4766	0.000000
281474976710655.000000	16.744167	4767	0.000000
281474976710655.000000	16.899477	4768	0.000000
281474976710655.000000	16.832991	4769	0.000000
281474976710655.000000	17.078318	4770	0.000000
281474976710655.000000	16.742355	4771	0.000000
281474976710655.000000	17.034616	4772	0.000000
281474976710655.000000	16.824774	4773	0.000000
281474976710655.000000	17.356119	4774	0.000000
281474976710655.000000	16.376753	4775	0.000000
281474976710655.000000	17.034193	4776	0.000000
281474976710655.000000	16.334774	4777	0.000000
281474976710655.000000	16.932590	4778	0.000000
281474976710655.000000	16.168543	4779	0.000000
281474976710655.000000	16.614130	4780	0.000000
281474976710655.000000	16.464802	4781	0.000000
281474976710655.000000	17.037230	4782	0.000000
281474976710655.000000	16.309557	4783	0.000000
281474976710655.000000	16.754276	4784	0.000000
281474976710655.000000	16.240355	4785	0.000000
281474976710655.000000	17.240740	4786	0.000000
281474976710655.000000	16.427267	4787	0.000000
281474976710655.000000	16.475300	4788	0.000000
281474976710655.000000	15.996965	4789	0.000000
281474976710655.000000	16.701855	4790	0.000000
281474976710655.000000	16.614229	4791	0.000000
281474976710655.000000	16.486275	4792	0.000000
281474976710655.000000	16.454714	4793	0.000000
281474976710655.000000	16.466326	4794	0.000000
281474976710655.000000	16.366140	4795	0.000000
281474976710655.000000	16.958370	4796	0.000000
281474976710655.000000	15.930777	4797	0.000000
281474976710655.000000	16.435993	4798	0.000000
281474976710655.000000	15.721290	4799	0.000000
281474976710655.000000	16.172108	4800	0.000000
281474976710655.000000	15.603271	4801	0.000000
281474976710655.000000	16.153477	4802	0.000000
281474976710655.000000	16.379107	4803	0.000000
281474976710655.000000	16.331619	4804	0.000000
281474976710655.000000	15.826950	4805	0.000000
281474976710655.000000	16.269335	4806	0.000000
281474976710655.000000	15.918515	4807	0.000000
281474976710655.000000	15.967885	4808	0.000000
281474976710655.000000	15.598317	4809	0.000000
281474976710655.000000	16.316572	4810	0.000000
281474976710655.000000	15.861630	4811	0.000000
281474976710655.000000	16.468458	4812	0.000000
281474976710655.000000	15.367212	4813	0.000000
281474976710655.000000	15.644777	4814	0.000000
281474976710655.000000	15.996173	4815	0.000000
281474976710655.000000	15.834773	4816	0.000000
281474976710655.000000	15.806407	4817	0.000000
281474976710655.000000	16.020788	4818	0.000000
281474976710655.000000	16.205490	4819	0.000000
281474976710655.000000	16.125492	4820	0.000000
281474976710655.000000	15.672395	4821	0.000000
281474976710655.000000	15.842226	4822	0.000000
281474976710655.000000	15.424467	4823	0.000000
281474976710655.000000	16.471252	4824	0.000000
281474976710655.000000	15.324369	4825	0.000000
281474976710655.000000	16.352217	4826	0.000000
281474976710655.000000	14.956576	4827	0.000000
281474976710655.000000	15.785233	4828	0.000000
281474976710655.000000	15.478782	4829	0.000000
281474976710655.000000	15.558013	4830	0.000000
281474976710655.000000	15.569361	4831	0.000000
281474976710655.000000	15.411133	4832	0.000000
281474976710655.000000	15.363330	4833	0.000000
281474976710655.000000	15.684358	4834	0.000000
281474976710655.000000	14.984370	4835	0.000000
281474976710655.000000	15.331462	4836	0.000000
281474976710655.000000	14.791000	4837	0.000000
281474976710655.000000	15.451179	4838	0.000000
281474976710655.000000	15.508025	4839	0.000000
281474976710655.000000	15.964709	4840	0.000000
281474976710655.000000	14.952528	4841	0.000000
281474976710655.000000	15.337441	4842	0.000000
281474976710655.000000	14.749465	4843	0.000000
281474976710655.000000	15.156003	4844	0.000000
281474976710655.000000	15.221135	4845	0.000000
281474976710655.000000	15.059187	4846	0.000000
281474976710655.000000	15.294943	4847	0.000000
281474976710655.000000	15.131766	4848	0.000000
281474976710655.000000	14.659818	4849	0.000000
281474976710655.000000	15.493738	4850	0.000000
281474976710655.000000	14.683746	4851	0.000000
281474976710655.000000	15.277925	4852	0.000000
281474976710655.000000	14.680271	4853	0.000000
281474976710655.000000	15.226084	4854	0.000000
281474976710655.000000	14.993419	4855	0.000000
281474976710655.000000	15.075270	4856	0.000000
281474976710655.000000	14.519732	4857	0.000000
281474976710655.000000	15.217899	4858	0.000000
281474976710655.000000	14.985551	4859	0.000000
281474976710655.000000	14.941438	4860	0.000000
281474976710655.000000	15.554133	4861	0.000000
281474976710655.000000	15.023975	4862	0.000000
281474976710655.000000	14.870534	4863	0.000000
281474976710655.000000	15.185386	4864	0.000000
281474976710655.000000	14.813531	4865	0.000000
281474976710655.000000	15.428256	4866	0.000000
281474976710655.000000	14.299260	4867	0.000000
281474976710655.000000	15.204656	4868	0.000000
281474976710655.000000	14.412806	4869	0.000000
281474976710655.000000	15.054856	4870	0.000000
281474976710655.000000	14.693730	4871	0.000000
281474976710655.000000	15.029656	4872	0.000000
281474976710655.000000	14.913319	4873	0.000000
281474976710655.000000	14.648261	4874	0.000000
281474976710655.000000	14.130816	4875	0.000000
281474976710655.000000	14.729896	4876	0.000000
281474976710655.000000	14.259990	4877	0.000000
281474976710655.000000	14.760241	4878	0.000000
281474976710655.000000	14.407110	4879	0.000000
281474976710655.000000	14.804982	4880	0.000000
281474976710655.000000	14.118533	4881	0.000000
281474976710655.000000	14.556812	4882	0.000000
281474976710655.000000	14.092999	4883	0.000000
281474976710655.000000	14.946242	4884	0.000000
281474976710655.000000	14.489792	4885	0.000000
281474976710655.000000	14.641080	4886	0.000000
281474976710655.000000	14.105169	4887	0.000000
281474976710655.000000	14.720466	4888	0.000000
281474976710655.000000	14.252753	4889	0.000000
281474976710655.000000	14.640175	4890	0.000000
281474976710655.000000	14.000513	4891	0.000000
281474976710655.000000	14.576861	4892	0.000000
281474976710655.000000	13.868346	4893	0.000000
281474976710655.000000	14.330719	4894	0.000000
281474976710655.000000	14.003676	4895	0.000000
281474976710655.000000	14.648488	4896	0.000000
281474976710655.000000	14.061387	4897	0.000000
281474976710655.000000	14.487052	4898	0.000000
281474976710655.000000	14.162597	4899	0.000000
281474976710655.000000	14.651226	4900	0.000000
281474976710655.000000	13.585367	4901	0.000000
281474976710655.000000	14.005697	4902	0.000000
281474976710655.000000	13.820028	4903	0.000000
281474976710655.000000	14.504127	4904	0.000000
281474976710655.000000	13.822985	4905	0.000000
281474976710655.000000	14.388312	4906	0.000000
281474976710655.000000	14.392504	4907	0.000000
281474976710655.000000	14.168612	4908	0.000000
281474976710655.000000	13.854957	4909	0.000000
281474976710655.000000	14.283406	4910	0.000000
281474976710655.000000	13.464497	4911	0.000000
281474976710655.000000	14.304299	4912	0.000000
281474976710655.000000	13.679366	4913	0.000000
281474976710655.000000	14.557426	4914	0.000000
281474976710655.000000	13.513604	4915	0.000000
281474976710655.000000	13.797450	4916	0.000000
281474976710655.000000	13.403790	4917	0.000000
281474976710655.000000	14.031954	4918	0.000000
281474976710655.000000	14.009730	4919	0.000000
281474976710655.000000	13.764789	4920	0.000000
281474976710655.000000	13.557834	4921	0.000000
281474976710655.000000	13.603196	4922	0.000000
281474976710655.000000	13.256529	4923	0.000000
281474976710655.000000	13.981764	4924	0.000000
281474976710655.000000	13.188444	4925	0.000000
281474976710655.000000	13.801650	4926	0.000000
281474976710655.000000	13.208687	4927	0.000000
281474976710655.000000	13.858645	4928	0.000000
281474976710655.000000	13.278707	4929	0.000000
281474976710655.000000	13.745264	4930	0.000000
281474976710655.000000	13.621002	4931	0.000000
281474976710655.000000	13.747678	4932	0.000000
281474976710655.000000	13.273182	4933	0.000000
281474976710655.000000	14.174839	4934	0.000000
281474976710655.000000	13.271517	4935	0.000000
281474976710655.000000	13.467512	4936	0.000000
281474976710655.000000	12.945760	4937	0.000000
281474976710655.000000	13.775702	4938	0.000000
281474976710655.000000	13.334370	4939	0.000000
281474976710655.000000	13.881005	4940	0.000000
281474976710655.000000	13.106622	4941	0.000000
281474976710655.000000	13.454487	4942	0.000000
281474976710655.000000	13.439619	4943	0.000000
281474976710655.000000	13.637145	4944	0.000000
281474976710655.000000	13.056153	4945	0.000000
281474976710655.000000	13.804442	4946	0.000000
281474976710655.000000	13.330087	4947	0.000000
281474976710655.000000	13.584206	4948	0.000000
281474976710655.000000	12.772678	4949	0.000000
281474976710655.000000	13.902514	4950	0.000000
281474976710655.000000	13.017505	4951	0.000000
281474976710655.000000	13.563225	4952	0.000000
281474976710655.000000	12.952824	4953	0.000000
281474976710655.000000	13.652898	4954	0.000000
281474976710655.000000	12.845535	4955	0.000000
281474976710655.000000	13.059581	4956	0.000000
281474976710655.000000	13.109389	4957	0.000000
281474976710655.000000	13.193145	4958	0.000000
281474976710655.000000	13.182838	4959	0.000000
281474976710655.000000	13.452069	4960	0.000000
281474976710655.000000	12.715539	4961	0.000000
281474976710655.000000	13.423205	4962	0.000000
281474976710655.000000	12.868807	4963	0.000000
281474976710655.000000	13.392250	4964	0.000000
281474976710655.000000	12.756269	4965	0.000000
281474976710655.000000	12.971158	4966	0.000000
281474976710655.000000	12.924634	4967	0.000000
281474976710655.000000	13.228592	4968	0.000000
281474976710655.000000	12.807372	4969	0.000000
281474976710655.000000	13.034757	4970	0.000000
281474976710655.000000	12.637684	4971	0.000000
281474976710655.000000	13.188206	4972	0.000000
281474976710655.000000	12.733414	4973	0.000000
281474976710655.000000	13.301424	4974	0.000000
281474976710655.000000	12.510669	4975	0.000000
281474976710655.000000	12.810706	4976	0.000000
281474976710655.000000	12.609715	4977	0.000000
281474976710655.000000	13.234209	4978	0.000000
281474976710655.000000	12.313412	4979	0.000000
281474976710655.000000	13.012042	4980	0.000000
281474976710655.000000	12.668722	4981	0.000000
281474976710655.000000	12.582772	4982	0.000000
281474976710655.000000	12.478265	4983	0.000000
281474976710655.000000	13.115052	4984	0.000000
281474976710655.000000	12.211741	4985	0.000000
281474976710655.000000	12.813509	4986	0.000000
281474976710655.000000	12.338686	4987	0.000000
281474976710655.000000	12.649905	4988	0.000000
281474976710655.000000	12.434148	4989	0.000000
281474976710655.000000	12.899392	4990	0.000000
281474976710655.000000	12.527791	4991	0.000000
281474976710655.000000	12.903921	4992	0.000000
281474976710655.000000	12.449031	4993	0.000000
281474976710655.000000	12.712872	4994	0.000000
281474976710655.000000	12.300483	4995	0.000000
281474976710655.000000	12.714261	4996	0.000000
281474976710655.000000	11.983994	4997	0.000000
281474976710655.000000	12.734370	4998	0.000000
281474976710655.000000	12.230088	4999	0.000000
281474976710655.000000	12.497576	5000	0.000000
281474976710655.000000	12.151504	5001	0.000000
281474976710655.000000	12.486078	5002	0.000000
281474976710655.000000	12.458832	5003	0.000000
281474976710655.000000	12.647123	5004	0.000000
281474976710655.000000	12.281366	5005	0.000000
281474976710655.000000	12.858108	5006	0.000000
281474976710655.000000	12.138324	5007	0.000000
281474976710655.000000	12.625134	5008	0.000000
281474976710655.000000	11.930266	5009	0.000000
281474976710655.000000	12.697478	5010	0.000000
281474976710655.000000	12.003860	5011	0.000000
281474976710655.000000	12.451768	5012	0.000000
281474976710655.000000	12.088733	5013	0.000000
281474976710655.000000	12.071948	5014	0.000000
281474976710655.000000	12.179309	5015	0.000000
281474976710655.000000	12.230275	5016	0.000000
281474976710655.000000	12.413836	5017	0.000000
281474976710655.000000	12.259335	5018	0.000000
281474976710655.000000	11.819194	5019	0.000000
281474976710655.000000	12.381623	5020	0.000000
281474976710655.000000	12.026146	5021	0.000000
281474976710655.000000	12.331795	5022	0.000000
281474976710655.000000	11.887095	5023	0.000000
281474976710655.000000	12.346514	5024	0.000000
281474976710655.000000	12.360830	5025	0.000000
281474976710655.000000	12.430822	5026	0.000000
281474976710655.000000	11.651756	5027	0.000000
281474976710655.000000	12.381073	5028	0.000000
281474976710655.000000	11.782384	5029	0.000000
281474976710655.000000	12.374353	5030	0.000000
281474976710655.000000	11.928047	5031	0.000000
281474976710655.000000	12.120399	5032	0.000000
281474976710655.000000	11.597282	5033	0.000000
281474976710655.000000	12.007789	5034	0.000000
281474976710655.000000	11.471506	5035	0.000000
281474976710655.000000	12.007075	5036	0.000000
281474976710655.000000	11.398355	5037	0.000000
281474976710655.000000	11.792341	5038	0.000000
281474976710655.000000	11.504121	5039	0.000000
281474976710655.000000	11.982146	5040	0.000000
281474976710655.000000	11.535904	5041	0.000000
281474976710655.000000	11.737626	5042	0.000000
281474976710655.000000	11.404383	5043	0.000000
281474976710655.000000	11.990408	5044	0.000000
281474976710655.000000	11.507684	5045	0.000000
281474976710655.000000	11.880905	5046	0.000000
281474976710655.000000	11.416926	5047	0.000000
281474976710655.000000	11.787082	5048	0.000000
281474976710655.000000	11.428604	5049	0.000000
281474976710655.000000	12.015446	5050	0.000000
281474976710655.000000	11.361552	5051	0.000000
281474976710655.000000	11.801866	5052	0.000000
281474976710655.000000	11.372869	5053	0.000000
281474976710655.000000	11.674801	5054	0.000000
281474976710655.000000	11.348200	5055	0.000000
281474976710655.000000	11.469228	5056	0.000000
281474976710655.000000	11.323150	5057	0.000000
281474976710655.000000	11.798359	5058	0.000000
281474976710655.000000	11.177749	5059	0.000000
281474976710655.000000	11.701552	5060	0.000000
281474976710655.000000	11.276312	5061	0.000000
281474976710655.000000	11.680324	5062	0.000000
281474976710655.000000	11.418362	5063	0.000000
281474976710655.000000	11.473593	5064	0.000000
281474976710655.000000	11.152528	5065	0.000000
281474976710655.000000	11.642615	5066	0.000000
281474976710655.000000	11.279883	5067	0.000000
281474976710655.000000	11.325205	5068	0.000000
281474976710655.000000	11.097138	5069	0.000000
281474976710655.000000	11.702475	5070	0.000000
281474976710655.000000	10.968702	5071	0.000000
281474976710655.000000	11.702188	5072	0.000000
281474976710655.000000	10.989492	5073	0.000000
281474976710655.000000	11.507380	5074	0.000000
281474976710655.000000	10.864498	5075	0.000000
281474976710655.000000	11.364765	5076	0.000000
281474976710655.000000	10.865757	5077	0.000000
281474976710655.000000	11.507001	5078	0.000000
281474976710655.000000	11.036373	5079	0.000000
281474976710655.000000	11.548021	5080	0.000000
281474976710655.000000	11.183540	5081	0.000000
281474976710655.000000	11.464555	5082	0.000000
281474976710655.000000	11.127591	5083	0.000000
281474976710655.000000	11.238922	5084	0.000000
281474976710655.000000	10.962130	5085	0.000000
281474976710655.000000	11.125874	5086	0.000000
281474976710655.000000	10.771972	5087	0.000000
281474976710655.000000	11.299206	5088	0.000000
281474976710655.000000	10.726665	5089	0.000000
281474976710655.000000	11.077997	5090	0.000000
281474976710655.000000	11.131920	5091	0.000000
281474976710655.000000	11.122158	5092	0.000000
281474976710655.000000	10.775465	5093	0.000000
281474976710655.000000	11.186609	5094	0.000000
281474976710655.000000	10.849602	5095	0.000000
281474976710655.000000	11.149773	5096	0.000000
281474976710655.000000	10.814562	5097	0.000000
281474976710655.000000	11.154438	5098	0.000000
281474976710655.000000	10.659306	5099	0.000000
281474976710655.000000	11.186178	5100	0.000000
281474976710655.000000	10.449615	5101	0.000000
281474976710655.000000	10.957857	5102	0.000000
281474976710655.000000	10.781164	5103	0.000000
281474976710655.000000	10.948533	5104	0.000000
281474976710655.000000	10.664312	5105	0.000000
281474976710655.000000	11.137309	5106	0.000000
281474976710655.000000	10.769912	5107	0.000000
281474976710655.000000	11.033085	5108	0.000000
281474976710655.000000	10.475670	5109	0.000000
281474976710655.000000	11.006916	5110	0.000000
281474976710655.000000	10.499077	5111	0.000000
281474976710655.000000	11.061668	5112	0.000000
281474976710655.000000	10.392066	5113	0.000000
281474976710655.000000	10.951843	5114	0.000000
281474976710655.000000	10.329254	5115	0.000000
281474976710655.000000	10.772788	5116	0.000000
281474976710655.000000	10.461603	5117	0.000000
281474976710655.000000	10.631263	5118	0.000000
281474976710655.000000	10.347441	5119	0.000000
281474976710655.000000	10.940972	5120	0.000000
281474976710655.000000	10.516748	5121	0.000000
281474976710655.000000	10.834184	5122	0.000000
281474976710655.000000	10.372489	5123	0.000000
281474976710655.000000	10.781092	5124	0.000000
281474976710655.000000	10.239166	5125	0.000000
281474976710655.000000	10.858027	5126	0.000000
281474976710655.000000	10.249137	5127	0.000000
281474976710655.000000	10.494884	5128	0.000000
281474976710655.000000	10.391972	5129	0.000000
281474976710655.000000	10.456535	5130	0.000000
281474976710655.000000	10.270382	5131	0.000000
281474976710655.000000	10.603881	5132	0.000000
281474976710655.000000	10.229757	5133	0.000000
281474976710655.000000	10.641242	5134	0.000000
281474976710655.000000	10.186282	5135	0.000000
281474976710655.000000	10.502613	5136	0.000000
281474976710655.000000	10.058164	5137	0.000000
281474976710655.000000	10.703386	5138	0.000000
281474976710655.000000	10.018649	5139	0.000000
281474976710655.000000	10.297583	5140	0.000000
281474976710655.000000	10.289788	5141	0.000000
281474976710655.000000	10.466324	5142	0.000000
281474976710655.000000	10.025873	5143	0.000000
281474976710655.000000	10.288071	5144	0.000000
281474976710655.000000	9.958404	5145	0.000000
281474976710655.000000	10.416366	5146	0.000000
281474976710655.000000	10.028050	5147	0.000000
281474976710655.000000	10.433970	5148	0.000000
281474976710655.000000	10.025081	5149	0.000000
281474976710655.000000	10.538925	5150	0.000000
281474976710655.000000	9.959192	5151	0.000000
281474976710655.000000	10.296110	5152	0.000000
281474976710655.000000	10.141580	5153	0.000000
281474976710655.000000	10.248613	5154	0.000000
281474976710655.000000	10.005513	5155	0.000000
281474976710655.000000	10.114848	5156	0.000000
281474976710655.000000	9.912683	5157	0.000000
281474976710655.000000	10.349553	5158	0.000000
281474976710655.000000	9.768030	5159	0.000000
281474976710655.000000	10.299933	5160	0.000000
281474976710655.000000	9.835610	5161	0.000000
281474976710655.000000	10.293701	5162	0.000000
281474976710655.000000	9.870496	5163	0.000000
281474976710655.000000	10.126428	5164	0.000000
281474976710655.000000	9.847306	5165	0.000000
281474976710655.000000	10.225570	5166	0.000000
281474976710655.000000	9.984309	5167	0.000000
281474976710655.000000	10.231859	5168	0.000000
281474976710655.000000	9.724207	5169	0.000000
281474976710655.000000	10.232126	5170	0.000000
281474976710655.000000	9.697265	5171	0.000000
281474976710655.000000	10.171945	5172	0.000000
281474976710655.000000	9.705383	5173	0.000000
281474976710655.000000	10.117322	5174	0.000000
281474976710655.000000	9.772866	5175	0.000000
281474976710655.000000	10.048224	5176	0.000000
281474976710655.000000	9.810302	5177	0.000000
281474976710655.000000	10.029774	5178	0.000000
281474976710655.000000	9.626995	5179	0.000000
281474976710655.000000	9.972999	5180	0.000000
281474976710655.000000	9.693372	5181	0.000000
281474976710655.000000	10.053155	5182	0.000000
281474976710655.000000	9.499882	5183	0.000000
281474976710655.000000	9.891136	5184	0.000000
281474976710655.000000	9.552499	5185	0.000000
281474976710655.000000	10.071426	5186	0.000000
281474976710655.000000	9.645569	5187	0.000000
281474976710655.000000	9.892893	5188	0.000000
281474976710655.000000	9.608244	5189	0.000000
281474976710655.000000	9.801538	5190	0.000000
281474976710655.000000	9.508366	5191	0.000000
281474976710655.000000	10.063802	5192	0.000000
281474976710655.000000	9.313505	5193	0.000000
281474976710655.000000	9.942530	5194	0.000000
281474976710655.000000	9.434243	5195	0.000000
281474976710655.000000	9.718193	5196	0.000000
281474976710655.000000	9.558297	5197	0.000000
281474976710655.000000	9.655958	5198	0.000000
281474976710655.000000	9.525660	5199	0.000000
281474976710655.000000	9.846708	5200	0.000000
281474976710655.000000	9.441720	5201	0.000000
281474976710655.000000	9.778477	5202	0.000000
281474976710655.000000	9.380586	5203	0.000000
281474976710655.000000	9.815040	5204	0.000000
281474976710655.000000	9.313074	5205	0.000000
281474976710655.000000	9.767089	5206	0.000000
281474976710655.000000	9.292930	5207	0.000000
281474976710655.000000	9.690659	5208	0.000000
281474976710655.000000	9.289347	5209	0.000000
281474976710655.000000	9.548147	5210	0.000000
281474976710655.000000	9.403404	5211	0.000000
281474976710655.000000	9.645552	5212	0.000000
281474976710655.000000	9.291495	5213	0.000000
281474976710655.000000	9.550241	5214	0.000000
281474976710655.000000	9.350396	5215	0.000000
281474976710655.000000	9.657298	5216	0.000000
281474976710655.000000	9.134028	5217	0.000000
281474976710655.000000	9.497033	5218	0.000000
281474976710655.000000	9.074649	5219	0.000000
281474976710655.000000	9.601619	5220	0.000000
281474976710655.000000	9.076045	5221	0.000000
281474976710655.000000	9.422338	5222	0.000000
281474976710655.000000	9.100197	5223	0.000000
281474976710655.000000	9.325516	5224	0.000000
281474976710655.000000	9.253368	5225	0.000000
281474976710655.000000	9.459601	5226	0.000000
281474976710655.000000	9.072231	5227	0.000000
281474976710655.000000	9.481750	5228	0.000000
281474976710655.000000	9.140533	5229	0.000000
281474976710655.000000	9.345340	5230	0.000000
281474976710655.000000	9.001693	5231	0.000000
281474976710655.000000	9.319408	5232	0.000000
281474976710655.000000	9.057408	5233	0.000000
281474976710655.000000	9.206469	5234	0.000000
281474976710655.000000	8.976581	5235	0.000000
281474976710655.000000	9.255815	5236	0.000000
281474976710655.000000	8.993258	5237	0.000000
281474976710655.000000	9.320106	5238	0.000000
281474976710655.000000	8.929401	5239	0.000000
281474976710655.000000	9.335691	5240	0.000000
281474976710655.000000	8.900754	5241	0.000000
281474976710655.000000	9.282364	5242	0.000000
281474976710655.000000	8.797887	5243	0.000000
281474976710655.000000	9.324045	5244	0.000000
281474976710655.000000	8.835440	5245	0.000000
281474976710655.000000	9.185363	5246	0.000000
281474976710655.000000	8.890233	5247	0.000000
281474976710655.000000	9.126474	5248	0.000000
281474976710655.000000	8.923363	5249	0.000000
281474976710655.000000	9.106102	5250	0.000000
281474976710655.000000	8.933292	5251	0.000000
281474976710655.000000	9.185636	5252	0.000000
281474976710655.000000	8.751148	5253	0.000000
281474976710655.000000	9.237379	5254	0.000000
281474976710655.000000	8.807213	5255	0.000000
281474976710655.000000	9.075493	5256	0.000000
281474976710655.000000	8.691970	5257	0.000000
281474976710655.000000	8.937080	5258	0.000000
281474976710655.000000	8.801850	5259	0.000000
281474976710655.000000	9.010483	5260	0.000000
281474976710655.000000	8.728013	5261	0.000000
281474976710655.000000	9.070323	5262	0.000000
281474976710655.000000	8.762708	5263	0.000000
281474976710655.000000	9.108486	5264	0.000000
281474976710655.000000	8.704434	5265	0.000000
281474976710655.000000	8.998843	5266	0.000000
281474976710655.000000	8.622377	5267	0.000000
281474976710655.000000	8.853507	5268	0.000000
281474976710655.000000	8.647052	5269	0.000000
281474976710655.000000	8.742845	5270	0.000000
281474976710655.000000	8.639133	5271	0.000000
281474976710655.000000	8.789852	5272	0.000000
281474976710655.000000	8.696463	5273	0.000000
281474976710655.000000	8.754272	5274	0.000000
281474976710655.000000	8.447492	5275	0.000000
281474976710655.000000	8.921847	5276	0.000000
281474976710655.000000	8.520806	5277	0.000000
281474976710655.000000	8.719579	5278	0.000000
281474976710655.000000	8.529427	5279	0.000000
281474976710655.000000	8.756648	5280	0.000000
281474976710655.000000	8.498931	5281	0.000000
281474976710655.000000	8.677993	5282	0.000000
281474976710655.000000	8.491138	5283	0.000000
281474976710655.000000	8.720772	5284	0.000000
281474976710655.000000	8.397087	5285	0.000000
281474976710655.000000	8.687991	5286	0.000000
281474976710655.000000	8.392107	5287	0.000000
281474976710655.000000	8.655859	5288	0.000000
281474976710655.000000	8.381798	5289	0.000000
281474976710655.000000	8.615581	5290	0.000000
281474976710655.000000	8.473344	5291	0.000000
281474976710655.000000	8.495688	5292	0.000000
281474976710655.000000	8.411730	5293	0.000000
281474976710655.000000	8.759046	5294	0.000000
281474976710655.000000	8.399980	5295	0.000000
281474976710655.000000	8.607517	5296	0.000000
281474976710655.000000	8.251027	5297	0.000000
281474976710655.000000	8.521006	5298	0.000000
281474976710655.000000	8.364558	5299	0.000000
281474976710655.000000	8.518884	5300	0.000000
281474976710655.000000	8.304386	5301	0.000000
281474976710655.000000	8.571128	5302	0.000000
281474976710655.000000	8.294740	5303	0.000000
281474976710655.000000	8.429883	5304	0.000000
281474976710655.000000	8.271389	5305	0.000000
281474976710655.000000	8.500129	5306	0.000000
281474976710655.000000	8.225991	5307	0.000000
281474976710655.000000	8.410885	5308	0.000000
281474976710655.000000	8.137101	5309	0.000000
281474976710655.000000	8.457985	5310	0.000000
281474976710655.000000	8.295948	5311	0.000000
281474976710655.000000	8.406733	5312	0.000000
281474976710655.000000	8.003364	5313	0.000000
281474976710655.000000	8.406923	5314	0.000000
281474976710655.000000	8.144082	5315	0.000000
281474976710655.000000	8.397297	5316	0.000000
281474976710655.000000	8.135209	5317	0.000000
281474976710655.000000	8.253612	5318	0.000000
281474976710655.000000	8.060524	5319	0.000000
281474976710655.000000	8.423070	5320	0.000000
281474976710655.000000	8.136183	5321	0.000000
281474976710655.000000	8.280950	5322	0.000000
281474976710655.000000	8.104446	5323	0.000000
281474976710655.000000	8.272480	5324	0.000000
281474976710655.000000	7.958493	5325	0.000000
281474976710655.000000	8.332445	5326	0.000000
281474976710655.000000	8.040782	5327	0.000000
281474976710655.000000	8.152624	5328	0.000000
281474976710655.000000	8.069549	5329	0.000000
281474976710655.000000	8.156383	5330	0.000000
281474976710655.000000	7.988219	5331	0.000000
281474976710655.000000	8.217235	5332	0.000000
281474976710655.000000	7.843458	5333	0.000000
281474976710655.000000	8.180500	5334	0.000000
281474976710655.000000	7.988258	5335	0.000000
281474976710655.000000	8.117728	5336	0.000000
281474976710655.000000	7.838467	5337	0.000000
281474976710655.000000	8.077652	5338	0.000000
281474976710655.000000	7.919024	5339	0.000000
281474976710655.000000	8.047870	5340	0.000000
281474976710655.000000	7.855778	5341	0.000000
281474976710655.000000	8.041730	5342	0.000000
281474976710655.000000	7.881500	5343	0.000000
281474976710655.000000	8.150325	5344	0.000000
281474976710655.000000	7.793129	5345	0.000000
281474976710655.000000	8.111588	5346	0.000000
281474976710655.000000	7.835889	5347	0.000000
281474976710655.000000	8.016874	5348	0.000000
281474976710655.000000	7.829366	5349	0.000000
281474976710655.000000	8.192763	5350	0.000000
281474976710655.000000	7.786604	5351	0.000000
281474976710655.000000	7.946495	5352	0.000000
281474976710655.000000	7.771070	5353	0.000000
281474976710655.000000	7.940325	5354	0.000000
281474976710655.000000	7.880823	5355	0.000000
281474976710655.000000	8.069294	5356	0.000000
281474976710655.000000	7.670093	5357	0.000000
281474976710655.000000	8.042113	5358	0.000000
281474976710655.000000	7.688520	5359	0.000000
281474976710655.000000	8.051440	5360	0.000000
281474976710655.000000	7.608367	5361	0.000000
281474976710655.000000	7.817765	5362	0.000000
281474976710655.000000	7.666591	5363	0.000000
281474976710655.000000	7.876819	5364	0.000000
281474976710655.000000	7.620285	5365	0.000000
281474976710655.000000	7.898722	5366	0.000000
281474976710655.000000	7.651847	5367	0.000000
281474976710655.000000	7.858724	5368	0.000000
281474976710655.000000	7.580752	5369	0.000000
281474976710655.000000	7.871199	5370	0.000000
281474976710655.000000	7.669414	5371	0.000000
281474976710655.000000	7.904604	5372	0.000000
281474976710655.000000	7.589942	5373	0.000000
281474976710655.000000	7.737140	5374	0.000000
281474976710655.000000	7.562206	5375	0.000000
281474976710655.000000	7.704556	5376	0.000000
281474976710655.000000	7.595126	5377	0.000000
281474976710655.000000	7.724855	5378	0.000000
281474976710655.000000	7.523712	5379	0.000000
281474976710655.000000	7.767556	5380	0.000000
281474976710655.000000	7.586072	5381	0.000000
281474976710655.000000	7.770624	5382	0.000000
281474976710655.000000	7.518401	5383	0.000000
281474976710655.000000	7.735306	5384	0.000000
281474976710655.000000	7.560494	5385	0.000000
281474976710655.000000	7.616603	5386	0.000000
281474976710655.000000	7.505990	5387	0.000000
281474976710655.000000	7.557143	5388	0.000000
281474976710655.000000	7.450659	5389	0.000000
281474976710655.000000	7.637875	5390	0.000000
281474976710655.000000	7.408074	5391	0.000000
281474976710655.000000	7.581272	5392	0.000000
281474976710655.000000	7.485482	5393	0.000000
281474976710655.000000	7.635493	5394	0.000000
281474976710655.000000	7.412694	5395	0.000000
281474976710655.000000	7.570917	5396	0.000000
281474976710655.000000	7.453097	5397	0.000000
281474976710655.000000	7.624689	5398	0.000000
281474976710655.000000	7.336446	5399	0.000000
281474976710655.000000	7.477652	5400	0.000000
281474976710655.000000	7.371126	5401	0.000000
281474976710655.000000	7.488475	5402	0.000000
281474976710655.000000	7.327387	5403	0.000000
281474976710655.000000	7.571831	5404	0.000000
281474976710655.000000	7.257570	5405	0.000000
281474976710655.000000	7.527223	5406	0.000000
281474976710655.000000	7.271239	5407	0.000000
281474976710655.000000	7.418174	5408	0.000000
281474976710655.000000	7.336325	5409	0.000000
281474976710655.000000	7.495889	5410	0.000000
281474976710655.000000	7.232897	5411	0.000000
281474976710655.000000	7.430219	5412	0.000000
281474976710655.000000	7.255939	5413	0.000000
281474976710655.000000	7.400383	5414	0.000000
281474976710655.000000	7.186442	5415	0.000000
281474976710655.000000	7.426412	5416	0.000000
281474976710655.000000	7.136357	5417	0.000000
281474976710655.000000	7.342496	5418	0.000000
281474976710655.000000	7.182634	5419	0.000000
281474976710655.000000	7.364175	5420	0.000000
281474976710655.000000	7.260974	5421	0.000000
281474976710655.000000	7.235240	5422	0.000000
281474976710655.000000	7.100640	5423	0.000000
281474976710655.000000	7.369246	5424	0.000000
281474976710655.000000	7.215045	5425	0.000000
281474976710655.000000	7.250059	5426	0.000000
281474976710655.000000	7.056231	5427	0.000000
281474976710655.000000	7.335845	5428	0.000000
281474976710655.000000	7.089077	5429	0.000000
281474976710655.000000	7.223714	5430	0.000000
281474976710655.000000	7.078684	5431	0.000000
281474976710655.000000	7.230298	5432	0.000000
281474976710655.000000	7.045990	5433	0.000000
281474976710655.000000	7.189620	5434	0.000000
281474976710655.000000	7.048489	5435	0.000000
281474976710655.000000	7.225843	5436	0.000000
281474976710655.000000	7.070971	5437	0.000000
281474976710655.000000	7.181672	5438	0.000000
281474976710655.000000	7.077673	5439	0.000000
281474976710655.000000	7.119517	5440	0.000000
281474976710655.000000	6.953578	5441	0.000000
281474976710655.000000	7.119573	5442	0.000000
281474976710655.000000	6.898238	5443	0.000000
281474976710655.000000	7.197150	5444	0.000000
281474976710655.000000	6.975862	5445	0.000000
281474976710655.000000	7.134115	5446	0.000000
281474976710655.000000	6.888577	5447	0.000000
281474976710655.000000	7.048511	5448	0.000000
281474976710655.000000	6.865331	5449	0.000000
281474976710655.000000	7.005497	5450	0.000000
281474976710655.000000	6.887946	5451	0.000000
281474976710655.000000	7.123445	5452	0.000000
281474976710655.000000	6.889089	5453	0.000000
281474976710655.000000	7.108317	5454	0.000000
281474976710655.000000	6.834648	5455	0.000000
281474976710655.000000	7.058871	5456	0.000000
281474976710655.000000	6.789062	5457	0.000000
281474976710655.000000	6.933090	5458	0.000000
281474976710655.000000	6.890778	5459	0.000000
281474976710655.000000	6.978133	5460	0.000000
281474976710655.000000	6.829850	5461	0.000000
281474976710655.000000	6.989230	5462	0.000000
281474976710655.000000	6.876143	5463	0.000000
281474976710655.000000	6.936806	5464	0.000000
281474976710655.000000	6.848814	5465	0.000000
281474976710655.000000	6.889953	5466	0.000000
281474976710655.000000	6.724723	5467	0.000000
281474976710655.000000	6.854676	5468	0.000000
281474976710655.000000	6.689101	5469	0.000000
281474976710655.000000	6.892021	5470	0.000000
281474976710655.000000	6.721854	5471	0.000000
281474976710655.000000	6.876254	5472	0.000000
281474976710655.000000	6.715458	5473	0.000000
281474976710655.000000	6.802114	5474	0.000000
281474976710655.000000	6.697296	5475	0.000000
281474976710655.000000	6.800255	5476	0.000000
281474976710655.000000	6.637233	5477	0.000000
281474976710655.000000	6.778705	5478	0.000000
281474976710655.000000	6.654432	5479	0.000000
281474976710655.000000	6.843404	5480	0.000000
281474976710655.000000	6.663934	5481	0.000000
281474976710655.000000	6.816515	5482	0.000000
281474976710655.000000	6.665561	5483	0.000000
281474976710655.000000	6.803388	5484	0.000000
281474976710655.000000	6.612764	5485	0.000000
281474976710655.000000	6.700586	5486	0.000000
281474976710655.000000	6.564115	5487	0.000000
281474976710655.000000	6.708581	5488	0.000000
281474976710655.000000	6.563653	5489	0.000000
281474976710655.000000	6.726955	5490	0.000000
281474976710655.000000	6.532920	5491	0.000000
281474976710655.000000	6.653268	5492	0.000000
281474976710655.000000	6.607650	5493	0.000000
281474976710655.000000	6.718842	5494	0.000000
281474976710655.000000	6.530787	5495	0.000000
281474976710655.000000	6.734757	5496	0.000000
281474976710655.000000	6.520788	5497	0.000000
281474976710655.000000	6.626783	5498	0.000000
281474976710655.000000	6.449441	5499	0.000000
281474976710655.000000	6.642752	5500	0.000000
281474976710655.000000	6.443080	5501	0.000000
281474976710655.000000	6.629333	5502	0.000000
281474976710655.000000	6.474916	5503	0.000000
281474976710655.000000	6.593750	5504	0.000000
281474976710655.000000	6.456892	5505	0.000000
281474976710655.000000	6.525384	5506	0.000000
281474976710655.000000	6.525399	5507	0.000000
281474976710655.000000	6.540885	5508	0.000000
281474976710655.000000	6.454436	5509	0.000000
281474976710655.000000	6.524101	5510	0.000000
281474976710655.000000	6.373821	5511	0.000000
281474976710655.000000	6.538316	5512	0.000000
281474976710655.000000	6.349234	5513	0.000000
281474976710655.000000	6.485860	5514	0.000000
281474976710655.000000	6.351505	5515	0.000000
281474976710655.000000	6.497642	5516	0.000000
281474976710655.000000	6.367562	5517	0.000000
281474976710655.000000	6.468613	5518	0.000000
281474976710655.000000	6.375893	5519	0.000000
281474976710655.000000	6.434057	5520	0.000000
281474976710655.000000	6.351369	5521	0.000000
281474976710655.000000	6.479441	5522	0.000000
281474976710655.000000	6.355884	5523	0.000000
281474976710655.000000	6.455050	5524	0.000000
281474976710655.000000	6.273582	5525	0.000000
281474976710655.000000	6.378489	5526	0.000000
281474976710655.000000	6.267611	5527	0.000000
281474976710655.000000	6.354841	5528	0.000000
281474976710655.000000	6.276954	5529	0.000000
281474976710655.000000	6.367518	5530	0.000000
281474976710655.000000	6.267212	5531	0.000000
281474976710655.000000	6.301072	5532	0.000000
281474976710655.000000	6.242523	5533	0.000000
281474976710655.000000	6.311275	5534	0.000000
281474976710655.000000	6.233722	5535	0.000000
281474976710655.000000	6.257133	5536	0.000000
281474976710655.000000	6.243019	5537	0.000000
281474976710655.000000	6.345071	5538	0.000000
281474976710655.000000	6.166228	5539	0.000000
281474976710655.000000	6.309129	5540	0.000000
281474976710655.000000	6.154904	5541	0.000000
281474976710655.000000	6.238048	5542	0.000000
281474976710655.000000	6.206309	5543	0.000000
281474976710655.000000	6.293485	5544	0.000000
281474976710655.000000	6.175633	5545	0.000000
281474976710655.000000	6.248403	5546	0.000000
281474976710655.000000	6.090476	5547	0.000000
281474976710655.000000	6.199055	5548	0.000000
281474976710655.000000	6.097125	5549	0.000000
281474976710655.000000	6.234929	5550	0.000000
281474976710655.000000	6.129228	5551	0.000000
281474976710655.000000	6.148851	5552	0.000000
281474976710655.000000	6.121883	5553	0.000000
281474976710655.000000	6.205865	5554	0.000000
281474976710655.000000	6.067987	5555	0.000000
281474976710655.000000	6.106842	5556	0.000000
281474976710655.000000	6.008873	5557	0.000000
281474976710655.000000	6.129786	5558	0.000000
281474976710655.000000	6.017341	5559	0.000000
281474976710655.000000	6.128377	5560	0.000000
281474976710655.000000	6.046491	5561	0.000000
281474976710655.000000	6.050945	5562	0.000000
281474976710655.000000	5.994713	5563	0.000000
281474976710655.000000	6.100184	5564	0.000000
281474976710655.000000	5.978039	5565	0.000000
281474976710655.000000	5.994140	5566	0.000000
281474976710655.000000	5.985160	5567	0.000000
281474976710655.000000	6.077515	5568	0.000000
281474976710655.000000	5.937084	5569	0.000000
281474976710655.000000	6.029922	5570	0.000000
281474976710655.000000	5.883482	5571	0.000000
281474976710655.000000	6.002118	5572	0.000000
281474976710655.000000	5.937387	5573	0.000000
281474976710655.000000	6.014238	5574	0.000000
281474976710655.000000	5.890638	5575	0.000000
281474976710655.000000	5.984724	5576	0.000000
281474976710655.000000	5.881236	5577	0.000000
281474976710655.000000	5.896498	5578	0.000000
281474976710655.000000	5.877368	5579	0.000000
281474976710655.000000	5.939056	5580	0.000000
281474976710655.000000	5.829601	5581	0.000000
281474976710655.000000	5.917512	5582	0.000000
281474976710655.000000	5.830511	5583	0.000000
281474976710655.000000	5.863707	5584	0.000000
281474976710655.000000	5.845172	5585	0.000000
281474976710655.000000	5.906714	5586	0.000000
281474976710655.000000	5.824001	5587	0.000000
281474976710655.000000	5.870308	5588	0.000000
281474976710655.000000	5.777198	5589	0.000000
281474976710655.000000	5.920077	5590	0.000000
281474976710655.000000	5.810461	5591	0.000000
281474976710655.000000	5.814557	5592	0.000000
281474976710655.000000	5.798122	5593	0.000000
281474976710655.000000	5.786734	5594	0.000000
281474976710655.000000	5.803105	5595	0.000000
281474976710655.000000	5.810164	5596	0.000000
281474976710655.000000	5.718491	5597	0.000000
281474976710655.000000	5.764174	5598	0.000000
281474976710655.000000	5.735612	5599	0.000000
281474976710655.000000	5.728591	5600	0.000000
281474976710655.000000	5.726954	5601	0.000000
281474976710655.000000	5.742036	5602	0.000000
281474976710655.000000	5.720865	5603	0.000000
281474976710655.000000	5.723491	5604	0.000000
281474976710655.000000	5.695452	5605	0.000000
281474976710655.000000	5.757442	5606	0.000000
281474976710655.000000	5.657107	5607	0.000000
281474976710655.000000	5.736722	5608	0.000000
281474976710655.000000	5.701022	5609	0.000000
281474976710655.000000	5.764368	5610	0.000000
281474976710655.000000	5.662991	5611	0.000000
281474976710655.000000	5.711281	5612	0.000000
281474976710655.000000	5.636165	5613	0.000000
281474976710655.000000	5.704108	5614	0.000000
