num crossings	time (s)	maj axis (mm)	min axis (mm)	theta (rad )	slope (V/s)
4419	5947.011979	91.333475	-10.751291	1.528612	28.510328
4421	5949.086638	91.112137	-10.910834	1.525039	27.524149
4423	5951.161407	91.023526	-10.927699	1.524283	28.651818
4425	5953.235865	90.953036	-11.012362	1.522821	28.333197
4427	5955.310652	90.782553	-11.031595	1.521069	27.717516
4429	5957.385184	90.693860	-11.153183	1.518458	27.600826
4431	5959.459957	90.488105	-11.197500	1.517386	27.072290
4433	5961.534354	90.294948	-11.089384	1.515923	27.589028
4435	5963.609317	89.948619	-11.139971	1.513456	27.243233
4437	5965.683459	89.935906	-11.184217	1.512775	27.817166
4439	5967.757788	89.787247	-11.254214	1.511040	27.223728
4441	5969.832230	89.806550	-11.525574	1.507969	26.701891
4443	5971.906947	89.696430	-11.568251	1.506925	27.188007
4445	5973.981220	89.543574	-11.567427	1.504970	27.022860
4447	5976.055312	89.289810	-11.508695	1.503750	26.433814
4449	5978.129891	89.171247	-11.557436	1.501900	27.089782
4451	5980.203957	89.174461	-11.747944	1.500073	26.847202
4453	5982.278678	89.090950	-11.821501	1.497524	26.047056
4455	5984.353087	88.927421	-11.845474	1.496094	26.825897
4457	5986.427605	88.714817	-11.889384	1.493834	27.130541
4459	5988.502076	88.563107	-11.860079	1.492586	25.742789
4461	5990.576837	88.346221	-11.920139	1.489815	25.940234
4463	5992.651451	88.309701	-12.046508	1.488002	25.895493
4465	5994.726284	88.211146	-12.082343	1.486300	26.558641
4467	5996.800896	88.038981	-12.134175	1.483014	26.185936
4469	5998.875872	87.889376	-12.200447	1.481362	26.919607
4471	6000.950407	87.839400	-12.181049	1.480035	26.084945
4473	6003.025384	87.678107	-12.181220	1.478330	26.951160
4475	6005.100526	87.651691	-12.227859	1.477131	25.276193
4477	6007.174763	87.396507	-12.247837	1.473952	26.219242
4479	6009.249577	87.271698	-12.234196	1.472020	26.540863
4481	6011.324587	87.118895	-12.279514	1.469571	26.100706
4483	6013.399122	86.970558	-12.256918	1.467702	25.139142
4485	6015.474111	86.829091	-12.269230	1.466283	25.543882
4487	6017.548426	86.724635	-12.441710	1.463644	25.645783
4489	6019.622783	86.560474	-12.423016	1.462681	25.654783
4491	6021.697265	86.417101	-12.460071	1.460529	26.247031
4493	6023.771875	86.236128	-12.547658	1.458509	25.373688
4495	6025.846719	86.180174	-12.651359	1.456097	26.192545
4497	6027.921096	86.051113	-12.579008	1.454941	25.822747
4499	6029.996113	85.777628	-12.583284	1.452992	24.905649
4501	6032.070362	85.856826	-12.682341	1.450669	24.859101
4503	6034.145129	85.434305	-12.610215	1.448753	25.496239
4505	6036.219281	85.430584	-12.649607	1.447654	24.868563
4507	6038.294110	85.452019	-12.872428	1.445136	24.471660
4509	6040.368515	85.224948	-12.718551	1.443866	25.180291
4511	6042.442500	85.058971	-12.853617	1.441001	24.653988
4513	6044.517070	84.858540	-12.765912	1.439622	24.462359
4515	6046.591215	84.945931	-12.871690	1.437834	24.079743
4517	6048.665997	84.622997	-12.824191	1.435380	25.887858
4519	6050.740149	84.405481	-12.827154	1.433284	24.528253
4521	6052.814823	84.437323	-12.843325	1.432240	24.500218
4523	6054.889410	84.028893	-12.762987	1.429547	24.955522
4525	6056.963850	84.239114	-12.924461	1.428517	23.478721
4527	6059.038303	83.982836	-12.915258	1.425748	24.406136
4529	6061.112869	84.077191	-12.939016	1.425020	23.772097
4531	6063.187800	83.781118	-12.944513	1.422134	23.584643
4533	6065.261967	83.665806	-12.920089	1.420712	24.117341
4535	6067.337272	83.508759	-12.952869	1.418706	23.822659
4537	6069.411730	83.451243	-13.115869	1.415402	24.246177
4539	6071.486089	83.389946	-13.208048	1.412861	23.853368
4541	6073.561215	83.117666	-13.054732	1.411475	23.518881
4543	6075.635607	83.038128	-13.215549	1.408408	24.199088
4545	6077.710314	82.960502	-13.182764	1.407371	23.656644
4547	6079.785153	82.752455	-13.168799	1.404426	24.276986
4549	6081.860071	82.684210	-13.128869	1.403494	23.532767
4551	6083.934044	82.425063	-13.153347	1.400703	23.496136
4553	6086.008953	82.380613	-13.209800	1.398860	23.596906
4555	6088.083192	82.139558	-13.177433	1.396138	22.803053
4557	6090.158295	81.911596	-13.141823	1.394848	23.241424
4559	6092.232836	81.969297	-13.353803	1.391915	22.637437
4561	6094.307299	81.845715	-13.331017	1.390301	23.257692
4563	6096.381443	81.607167	-13.355236	1.387222	23.398125
4565	6098.456432	81.610028	-13.352924	1.386012	23.238865
4567	6100.530785	81.420329	-13.398477	1.384208	22.895653
4569	6102.605385	81.253750	-13.415853	1.382086	23.282356
4571	6104.679954	81.021084	-13.388186	1.379737	22.876970
4573	6106.754802	80.868376	-13.414003	1.377672	22.968367
4575	6108.829090	80.835948	-13.492922	1.375855	22.711500
4577	6110.903667	80.780346	-13.556709	1.374271	22.258673
4579	6112.977904	80.584990	-13.595406	1.371521	22.615645
4581	6115.052023	80.708574	-13.726798	1.370201	21.958819
4583	6117.126491	80.357928	-13.644067	1.367220	22.969974
4585	6119.201176	80.189670	-13.657064	1.365216	22.164564
4587	6121.275429	80.204154	-13.735914	1.363771	22.155320
4589	6123.349764	79.963984	-13.669392	1.361461	22.072643
4591	6125.424410	79.830071	-13.733543	1.358650	22.570033
4593	6127.498676	79.641966	-13.669997	1.357193	21.921513
4595	6129.573460	79.636332	-13.792916	1.354285	22.806294
4597	6131.647952	79.497839	-13.801851	1.351994	22.197471
4599	6133.722489	79.412243	-13.804984	1.350229	22.139211
4601	6135.797036	79.279376	-13.799877	1.347245	21.064301
4603	6137.872041	79.224096	-13.811827	1.345478	21.424259
4605	6139.946568	79.038011	-13.843281	1.343394	22.473611
4607	6142.021352	78.958702	-13.894938	1.340167	21.462212
4609	6144.095868	78.972372	-14.001583	1.337553	21.707238
4611	6146.170731	78.803102	-13.962325	1.335793	22.066593
4613	6148.245224	78.689074	-13.886955	1.333700	21.213165
4615	6150.320203	78.565763	-13.870331	1.331730	21.435088
4617	6152.394762	78.255131	-13.767872	1.329740	21.650625
4619	6154.468910	78.286376	-13.813973	1.328301	21.635342
4621	6156.543535	78.066231	-13.797979	1.325526	21.721057
4623	6158.618004	77.901717	-13.814205	1.323711	22.126245
4625	6160.692789	77.922778	-13.959092	1.320929	20.991473
4627	6162.767056	77.906634	-13.933853	1.319617	21.340341
4629	6164.841410	77.696305	-13.874435	1.317352	21.521398
4631	6166.915972	77.588316	-13.883777	1.315172	20.620781
4633	6168.990796	77.449957	-13.919851	1.313286	20.780119
4635	6171.065191	77.470442	-13.985359	1.311065	20.867059
4637	6173.139653	77.346362	-14.039221	1.309043	20.494541
4639	6175.213806	77.292890	-14.056230	1.306626	20.635651
4641	6177.288263	77.271805	-14.079226	1.305090	20.609002
4643	6179.363022	77.144802	-14.058087	1.303489	19.864739
4645	6181.436944	77.016527	-14.068063	1.300900	21.250996
4647	6183.511940	76.720519	-14.067269	1.297750	20.345130
4649	6185.585752	76.659563	-14.039605	1.296284	21.172146
4651	6187.660304	76.377616	-14.083448	1.293863	20.636068
4653	6189.734497	76.516999	-14.106583	1.293122	20.356773
4655	6191.808748	76.210399	-14.115732	1.289279	20.170836
4657	6193.883399	76.273012	-14.156734	1.287998	19.663006
4659	6195.957456	76.185730	-14.232080	1.285159	20.051773
4661	6198.032527	75.870368	-14.133950	1.282252	20.012658
4663	6200.106827	75.983552	-14.198576	1.281453	20.154932
4665	6202.181370	75.673785	-14.166964	1.277919	19.870103
4667	6204.255888	75.770520	-14.258429	1.276709	19.751485
4669	6206.330299	75.503960	-14.269523	1.273673	20.163949
4671	6208.404845	75.385704	-14.257478	1.271632	19.777063
4673	6210.479912	75.315872	-14.258841	1.269680	20.188565
4675	6212.554316	75.081118	-14.256820	1.267095	19.686385
4677	6214.629608	75.010015	-14.325277	1.264380	19.748884
4679	6216.704215	74.931957	-14.317875	1.262448	19.309015
4681	6218.778767	74.854530	-14.330961	1.259652	19.445064
4683	6220.853294	74.660856	-14.293814	1.257162	19.955956
4685	6222.928081	74.549214	-14.302639	1.254969	19.223604
4687	6225.002529	74.425694	-14.231690	1.253198	19.001100
4689	6227.076889	72.493806	-12.047039	1.254864	19.594942
4691	6229.151743	74.310850	-14.335793	1.248657	19.495138
4693	6231.226323	72.309398	-12.093178	1.249635	19.288700
4695	6233.300400	73.891383	-14.225482	1.244085	19.018053
4697	6235.374954	72.232114	-12.082557	1.246031	18.625068
4699	6237.449673	72.063199	-12.092185	1.243655	19.284969
4701	6239.524177	71.955779	-12.116105	1.240670	18.558229
4703	6241.598970	73.477651	-14.147225	1.235099	18.792073
4705	6243.672967	71.519263	-12.059224	1.236555	19.090950
4707	6245.747769	71.576316	-12.132260	1.234649	18.479603
4709	6247.822752	73.288393	-14.331204	1.228173	18.355399
4711	6249.896757	71.564368	-12.183845	1.229334	18.644289
4713	6251.971225	71.293399	-12.199575	1.227371	18.632707
4715	6254.045583	73.179144	-14.424729	1.221429	19.176440
4717	6256.120359	72.893148	-14.478641	1.218495	18.288304
4719	6258.194509	72.741888	-14.447748	1.216144	17.944004
4721	6260.269414	72.798754	-14.452817	1.214524	18.212656
4723	6262.343849	72.518547	-14.443544	1.211540	18.130148
4725	6264.417987	72.498034	-14.462279	1.209502	18.029781
4727	6266.492134	72.439729	-14.564021	1.207135	18.330691
4729	6268.567236	72.320433	-14.558430	1.205358	18.404818
4731	6270.641357	72.021199	-14.544443	1.202302	18.245734
4733	6272.716447	72.090958	-14.596196	1.200032	17.777812
4735	6274.790994	71.905658	-14.629474	1.197328	17.476101
4737	6276.865562	71.876235	-14.628270	1.194786	17.770546
4739	6278.940198	71.795847	-14.632266	1.193351	17.363663
4741	6281.014891	71.534053	-14.606421	1.189643	18.130072
4743	6283.089111	71.464263	-14.623717	1.187477	17.552408
4745	6285.163929	69.454325	-12.481425	1.189991	17.554249
4747	6287.238237	69.538697	-12.542257	1.187763	17.636030
4749	6289.312916	69.430268	-12.526371	1.185230	17.742270
4751	6291.386941	69.360631	-12.568002	1.182985	17.918046
4753	6293.462282	69.211744	-12.559474	1.180731	17.443872
4755	6295.536770	69.230034	-12.584899	1.177472	17.539335
4757	6297.610895	69.120912	-12.579791	1.175708	16.931559
4759	6299.685797	68.931570	-12.592069	1.173335	17.195401
4761	6301.759712	68.953111	-12.642802	1.170148	17.549681
4763	6303.834568	68.688784	-12.598861	1.168911	17.821201
4765	6305.908962	68.588633	-12.634342	1.166653	17.374218
4767	6307.983687	68.524128	-12.651821	1.163796	17.431954
4769	6310.057993	68.540918	-12.670727	1.161914	17.196533
4771	6312.132453	68.470766	-12.685041	1.159623	16.820670
4773	6314.207202	68.163403	-12.688273	1.157157	16.830804
4775	6316.281347	68.351475	-12.736343	1.154682	17.613723
4777	6318.355800	67.957052	-12.687455	1.152925	17.211629
4779	6320.430847	67.982713	-12.674670	1.150532	16.749566
4781	6322.504668	68.039595	-12.717028	1.148186	16.451105
4783	6324.579005	67.701053	-12.689636	1.146142	16.891937
4785	6326.653707	67.553718	-12.687562	1.143904	16.974325
4787	6328.727940	67.669796	-12.734998	1.141554	16.825682
4789	6330.802488	67.479161	-12.718502	1.138890	16.656857
4791	6332.876502	67.272158	-12.702677	1.137145	16.592976
4793	6334.950927	67.354956	-12.737827	1.134665	16.314112
4795	6337.025723	67.062897	-12.688860	1.132369	16.885461
4797	6339.099689	67.337411	-12.788602	1.129664	16.506249
4799	6341.174337	67.089382	-12.750998	1.127241	16.266658
4801	6343.248761	67.063065	-12.742610	1.125474	16.013548
4803	6345.323501	66.848301	-12.694570	1.122942	16.382681
4805	6347.397443	66.768714	-12.710053	1.120407	16.253376
4807	6349.472074	66.630803	-12.698206	1.118314	16.427416
4809	6351.546877	66.456982	-12.664103	1.116176	16.147028
4811	6353.621308	66.458950	-12.681910	1.113688	15.926862
4813	6355.695635	66.503750	-12.678998	1.111397	16.270991
4815	6357.770060	66.319136	-12.664254	1.108533	15.783383
4817	6359.844787	66.118180	-12.646231	1.106377	15.600909
4819	6361.919261	66.068518	-12.643178	1.104845	15.734647
4821	6363.993807	66.100915	-12.669955	1.101796	15.914033
4823	6366.068121	65.853270	-12.620892	1.099897	16.030322
4825	6368.142535	65.871294	-12.638848	1.097900	16.326886
4827	6370.217562	65.642161	-12.613280	1.095285	15.989339
4829	6372.292108	65.925654	-12.633228	1.091821	15.479503
4831	6374.366018	65.732582	-12.631027	1.089394	15.220810
4833	6376.440538	65.518984	-12.614966	1.087312	16.072458
4835	6378.515328	65.406813	-12.595067	1.085360	15.972090
4837	6380.589892	65.418932	-12.585089	1.083318	15.522770
4839	6382.663970	65.306289	-12.592368	1.080572	16.061767
4841	6384.739290	65.189220	-12.566942	1.079031	15.719111
4843	6386.813549	65.211675	-12.561996	1.075881	15.534245
4845	6388.887962	65.168639	-12.571735	1.073826	14.793007
4847	6390.961926	65.104153	-12.575592	1.071833	15.316356
4849	6393.036739	65.097255	-12.545557	1.069264	15.249091
4851	6395.111077	64.908226	-12.546819	1.066973	15.327468
4853	6397.186053	64.836911	-12.538648	1.064751	15.546238
4855	6399.260251	64.846505	-12.563903	1.062200	15.601926
4857	6401.334512	64.500868	-12.522296	1.060511	15.400145
4859	6403.408708	64.398258	-12.516563	1.058210	15.444262
4861	6405.483255	64.410668	-12.511446	1.055556	15.546048
4863	6407.557986	64.316290	-12.486801	1.053506	15.471125
4865	6409.633004	64.271854	-12.512434	1.051506	14.921999
4867	6411.707260	64.201183	-12.525817	1.049372	15.236135
4869	6413.781411	64.178674	-12.531710	1.046620	15.016438
4871	6415.855936	64.124266	-12.530657	1.044334	14.704569
4873	6417.930713	63.966948	-12.492287	1.042725	14.892369
4875	6420.004479	63.899365	-12.513143	1.040606	14.851754
4877	6422.078934	63.696827	-12.494807	1.038525	14.575341
4879	6424.153361	63.742200	-12.517487	1.035876	14.460600
4881	6426.228249	63.538608	-12.477447	1.034529	14.652840
4883	6428.302582	63.479800	-12.496295	1.031464	14.412925
4885	6430.376747	63.517431	-12.506003	1.029201	14.644830
4887	6432.450990	63.306333	-12.482763	1.026953	14.388430
4889	6434.526014	63.332293	-12.457751	1.025223	14.803641
4891	6436.600453	63.131524	-12.453868	1.022943	14.554076
4893	6438.674138	63.049335	-12.438923	1.020211	14.635947
4895	6440.749165	63.061816	-12.445811	1.018346	14.647313
4897	6442.823559	63.043891	-12.424689	1.016257	14.451809
4899	6444.897222	62.889543	-12.439254	1.014915	14.920076
4901	6446.972037	62.688977	-12.402993	1.012605	14.830201
4903	6449.046525	62.739959	-12.427808	1.010504	14.233857
4905	6451.121309	62.530225	-12.403668	1.008924	14.464563
4907	6453.195057	62.536756	-12.410077	1.006073	14.579242
4909	6455.269768	62.509579	-12.386197	1.003898	14.299121
4911	6457.344165	62.411489	-12.400488	1.002153	14.008147
4913	6459.418885	62.402738	-12.383395	0.999269	14.409802
4915	6461.493455	62.171833	-12.354400	0.998075	14.479281
4917	6463.567889	62.001264	-12.352800	0.995106	14.033391
4919	6465.642253	62.143895	-12.370509	0.992929	14.092024
4921	6467.716536	61.890313	-12.361863	0.990560	13.985579
4923	6469.790482	61.884032	-12.365220	0.989346	14.112195
4925	6471.865437	61.818438	-12.366776	0.986443	14.146502
4927	6473.939769	61.896043	-12.391232	0.984498	13.954660
4929	6476.014454	61.572990	-12.357540	0.982353	13.889367
4931	6478.088578	61.657265	-12.356461	0.979504	13.626363
4933	6480.162594	61.510843	-12.334904	0.977875	14.065315
4935	6482.236936	61.348181	-12.301015	0.976036	14.005334
4937	6484.311464	61.247075	-12.295692	0.974203	13.631398
4939	6486.385620	61.321588	-12.280657	0.971734	13.936765
4941	6488.460307	61.341006	-12.302641	0.968984	13.702418
4943	6490.534359	61.076423	-12.238376	0.968190	13.821947
4945	6492.609185	61.113597	-12.228317	0.965564	13.448091
4947	6494.683339	61.016761	-12.205425	0.963608	13.601582
4949	6496.757994	60.996474	-12.210469	0.961082	13.318309
4951	6498.832667	60.802485	-12.155806	0.959597	13.493308
4953	6500.906310	60.666809	-12.160580	0.957877	12.968910
4955	6502.981288	60.598624	-12.124104	0.955859	13.186917
4957	6505.055261	60.572829	-12.128391	0.953774	13.272330
4959	6507.130023	60.504015	-12.121487	0.951793	13.372347
4961	6509.204294	60.366689	-12.088999	0.950209	13.382584
4963	6511.278639	60.504758	-12.117958	0.946395	13.481776
4965	6513.352535	60.386712	-12.085111	0.945013	12.798516
4967	6515.427494	60.273853	-12.077047	0.942758	13.150285
4969	6517.501899	60.300610	-12.065062	0.940334	13.315548
4971	6519.576096	60.065042	-12.033851	0.938830	13.156355
4973	6521.651067	59.944326	-12.035500	0.937000	13.166608
4975	6523.724684	59.951450	-12.030517	0.934447	13.232502
4977	6525.799988	59.907605	-12.006785	0.932168	12.911460
4979	6527.873671	59.907742	-11.995037	0.929921	13.153963
4981	6529.947491	59.752604	-11.981140	0.928061	13.177283
4983	6532.022983	59.731605	-11.951850	0.926051	12.758724
4985	6534.096906	59.674829	-11.929573	0.924542	12.953950
4987	6536.171544	59.639543	-11.920039	0.921686	12.967654
4989	6538.246222	59.409849	-11.838760	0.921592	12.999999
4991	6540.320513	59.451971	-11.843121	0.918671	12.774264
4993	6542.394805	59.264928	-11.827237	0.916490	13.092415
4995	6544.469066	59.253163	-11.779236	0.914383	12.888114
4997	6546.543014	59.191209	-11.779376	0.913051	12.747000
4999	6548.617909	59.202546	-11.760369	0.910208	12.817328
5001	6550.691905	59.150439	-11.753428	0.908896	12.684536
5003	6552.766063	58.988880	-11.727089	0.906942	12.483287
5005	6554.841482	58.818991	-11.681210	0.905365	12.427104
5007	6556.915550	58.755146	-11.669019	0.903498	13.277004
5009	6558.989784	58.703919	-11.651896	0.900950	12.508813
5011	6561.064049	58.672112	-11.650705	0.898460	12.815037
5013	6563.138725	58.437890	-11.606844	0.897135	12.746094
5015	6565.213094	58.563736	-11.628073	0.894095	12.092233
5017	6567.287765	58.375342	-11.580413	0.892696	12.479630
5019	6569.361189	58.353217	-11.589270	0.889516	12.425367
5021	6571.436831	58.240139	-11.553746	0.887893	12.488038
5023	6573.510442	58.063043	-11.528850	0.886227	12.523779
5025	6575.585108	58.164951	-11.522442	0.883625	12.405390
5027	6577.659271	58.107837	-11.501209	0.882494	12.444531
5029	6579.733133	58.092659	-11.493716	0.879908	12.319224
5031	6581.808312	57.818695	-11.447565	0.878567	12.121710
5033	6583.882221	57.730307	-11.453653	0.876619	11.952687
5035	6585.956725	57.562544	-11.426641	0.874947	11.663437
5037	6588.031550	57.711010	-11.442793	0.872310	12.230304
5039	6590.106001	57.559984	-11.444400	0.870223	11.741591
5041	6592.179599	57.550660	-11.425548	0.868270	12.150286
5043	6594.254123	57.445467	-11.404819	0.866303	11.708971
5045	6596.328516	57.393783	-11.372455	0.863815	12.162064
5047	6598.403541	57.362821	-11.375635	0.861532	11.669467
5049	6600.477627	57.133103	-11.310236	0.861384	11.890301
5051	6602.551838	57.117174	-11.292795	0.859489	11.398858
5053	6604.626083	57.072882	-11.263492	0.856888	11.401975
5055	6606.700456	56.957217	-11.234755	0.855437	11.542357
5057	6608.774710	56.999384	-11.263247	0.853310	11.494298
5059	6610.849158	56.863378	-11.208966	0.851734	11.860020
5061	6612.923683	56.830087	-11.175396	0.850237	11.522465
5063	6614.998664	56.733290	-11.174072	0.848245	11.631220
5065	6617.072862	56.566111	-11.137326	0.846042	11.578029
5067	6619.147440	56.544973	-11.125719	0.844401	11.833402
5069	6621.220721	56.631052	-11.136873	0.841317	11.617716
5071	6623.295731	56.579677	-11.148676	0.839531	11.990708
5073	6625.370306	56.263503	-11.044152	0.838474	12.142592
5075	6627.444532	56.262529	-11.040297	0.836294	11.768194
5077	6629.519358	56.205310	-11.015060	0.833929	11.277711
5079	6631.593456	56.237206	-11.026708	0.832062	11.545818
5081	6633.667321	56.121305	-10.984164	0.830885	11.710298
5083	6635.740998	55.971056	-10.937989	0.829475	11.527757
5085	6637.815267	55.913668	-10.927169	0.827613	11.624079
5087	6639.890787	55.957518	-10.896971	0.825933	11.417387
5089	6641.964709	55.920892	-10.874469	0.824158	11.211169
5091	6644.039390	55.915040	-10.851067	0.821603	11.160645
5093	6646.113292	55.746627	-10.826667	0.820162	10.954961
5095	6648.187327	55.668422	-10.773520	0.818622	11.130232
5097	6650.261113	55.662539	-10.783176	0.816277	11.261229
5099	6652.335702	55.415035	-10.719427	0.814902	10.900172
5101	6654.410533	55.229684	-10.680110	0.813687	11.016687
5103	6656.484728	55.372135	-10.692389	0.810905	11.038387
5105	6658.558941	55.297510	-10.658275	0.809675	10.733597
5107	6660.632645	55.181329	-10.614171	0.808322	11.285689
5109	6662.707810	55.105923	-10.583059	0.806527	11.026096
5111	6664.781707	55.278327	-10.622052	0.803649	10.874922
5113	6666.855988	55.062100	-10.560155	0.803336	11.034020
5115	6668.930179	54.938074	-10.554219	0.800950	11.003645
5117	6671.005257	54.828462	-10.530913	0.800247	10.654853
5119	6673.078830	54.900457	-10.544340	0.797624	10.759879
5121	6675.152706	54.686206	-10.479281	0.796912	11.128795
5123	6677.227421	54.641289	-10.458971	0.794941	10.679694
5125	6679.302162	54.544791	-10.422069	0.793699	10.619546
5127	6681.376145	54.502422	-10.386458	0.791962	11.243054
5129	6683.450278	54.493556	-10.362415	0.789710	10.733921
5131	6685.523954	54.356588	-10.319848	0.788685	10.747567
5133	6687.599386	54.307168	-10.271246	0.787245	10.520654
5135	6689.672933	54.385010	-10.286326	0.784350	10.612199
5137	6691.748240	55.694945	-11.862014	0.784578	10.515289
5139	6693.821744	55.466359	-8.590153	0.791537	11.106867
5141	6695.896511	54.023681	-10.145591	0.779839	10.232081
5143	6697.970238	54.038856	-10.107556	0.777620	10.626856
5145	6700.044238	54.082495	-10.086621	0.775397	10.281824
5147	6702.119335	55.408817	-11.672913	0.775743	10.268136
5149	6704.192933	53.811748	-10.005268	0.772274	10.249656
5151	6706.267776	53.786370	-9.979648	0.770445	10.870159
5153	6708.342246	53.803502	-9.987657	0.768547	10.324161
5155	6710.415435	53.698420	-9.952419	0.766809	10.485863
5157	6712.491133	53.773454	-9.979272	0.764661	9.928112
5159	6714.564422	53.611383	-9.915708	0.763194	10.411614
5161	6716.639049	53.645983	-9.906666	0.761768	10.302854
5163	6718.713790	53.469218	-9.867288	0.760540	10.161915
5165	6720.787792	53.400188	-9.831801	0.759118	10.190324
5167	6722.861461	53.424380	-9.823854	0.756917	10.058117
5169	6724.936517	53.335484	-9.798934	0.755913	10.147181
5171	6727.009977	53.241621	-9.770283	0.753949	10.424322
5173	6729.084018	53.216810	-9.738767	0.752879	10.070769
5175	6731.159019	53.147661	-9.722085	0.751420	10.604272
5177	6733.233286	53.057890	-9.700934	0.750053	9.767985
5179	6735.307257	53.040511	-9.671483	0.748781	9.960101
5181	6737.380819	53.070299	-9.663417	0.746368	10.210811
5183	6739.455673	53.007235	-9.636488	0.745419	10.031450
5185	6741.529686	52.827789	-9.561731	0.744377	10.129479
5187	6743.603650	52.735153	-9.531532	0.742804	9.877566
5189	6745.677983	52.794203	-9.518156	0.741248	9.951145
5191	6747.753258	52.721344	-9.495915	0.739610	9.713599
5193	6749.827312	52.571479	-9.451328	0.738657	10.048119
5195	6751.902071	52.534798	-9.432267	0.736495	10.123223
5197	6753.975807	52.485224	-9.397642	0.734640	9.588028
5199	6756.049695	52.596247	-9.421790	0.732627	9.350227
5201	6758.123993	52.409171	-9.344697	0.731079	9.389716
5203	6760.197636	52.273094	-9.312621	0.730043	9.624221
5205	6762.272918	52.217955	-9.297141	0.728303	10.012553
5207	6764.346303	52.164631	-9.259205	0.726823	9.668933
5209	6766.421784	52.078921	-9.221313	0.725540	9.676489
5211	6768.494869	53.346381	-10.638212	0.725958	9.228980
5213	6770.568913	53.196714	-7.650158	0.730963	9.521183
5215	6772.643830	53.138977	-10.526480	0.722667	9.468052
5217	6774.717901	53.091256	-10.495278	0.721276	9.303696
5219	6776.792225	51.757088	-9.019421	0.717970	9.488749
5221	6778.866995	51.839247	-9.027082	0.716281	9.408150
5223	6780.940929	51.771402	-8.964618	0.714162	9.419691
5225	6783.014564	51.744481	-8.941533	0.713850	9.510880
5227	6785.088598	51.668494	-8.913348	0.712786	9.653350
5229	6787.162976	51.488766	-8.825788	0.711344	9.499640
5231	6789.237119	51.566539	-8.814831	0.709507	9.452045
5233	6791.311642	51.397423	-8.758866	0.707480	9.416513
5235	6793.385743	51.435720	-8.782202	0.706571	9.240172
5237	6795.459931	51.281589	-8.714493	0.704728	9.077157
5239	6797.534873	51.265266	-8.674042	0.703477	9.299529
5241	6799.608977	51.137477	-8.624190	0.702263	9.424323
5243	6801.683035	51.088186	-8.594164	0.700992	9.274954
5245	6803.757570	50.978233	-8.542872	0.699444	9.319285
5247	6805.830694	50.998454	-8.531074	0.698188	9.003005
5249	6807.906477	51.021399	-8.529733	0.696932	8.959206
5251	6809.979760	50.913979	-8.463708	0.695446	9.197101
5253	6812.054396	50.972955	-8.467810	0.693881	9.170677
5255	6814.128778	50.856188	-8.418388	0.692545	9.727299
5257	6816.202415	50.818188	-8.396328	0.691286	8.929825
5259	6818.277557	50.627250	-8.311390	0.689738	8.943805
5261	6820.351552	51.857975	-9.629665	0.690432	9.053417
5263	6822.424821	51.782435	-9.642192	0.688957	9.171585
5265	6824.499406	50.558593	-8.238588	0.685408	9.048166
5267	6826.574132	50.397945	-8.170954	0.684589	8.902770
5269	6828.648040	50.330239	-8.138088	0.683075	8.825140
5271	6830.722169	51.544881	-9.446712	0.683685	8.870372
5273	6832.796151	51.487501	-9.430215	0.682681	8.805332
5275	6834.870262	51.465881	-9.454825	0.681127	8.572844
5277	6836.944808	51.453538	-9.409528	0.679847	9.436064
5279	6839.019934	50.203380	-8.002951	0.676565	8.878396
5281	6841.093658	50.047255	-7.932996	0.674888	8.505057
5283	6843.167753	50.004619	-7.907926	0.673422	8.626157
5285	6845.241395	51.116490	-9.187921	0.674510	9.124093
5287	6847.315737	50.995743	-9.144156	0.673145	8.814875
5289	6849.390205	51.018510	-9.126502	0.672042	8.745674
5291	6851.464224	50.923059	-9.038313	0.670408	8.637084
5293	6853.538260	49.636445	-7.679203	0.666924	8.183420
5295	6855.612054	49.746110	-7.688106	0.665699	8.379951
5297	6857.686598	49.678467	-7.657139	0.663829	8.605411
5299	6859.760506	49.602609	-7.587034	0.663130	8.817706
5301	6861.835992	49.544497	-7.552686	0.661932	8.482929
5303	6863.909340	49.514525	-7.521529	0.661354	8.634307
5305	6865.983414	49.442667	-7.471142	0.659629	8.300292
5307	6868.056525	49.335504	-7.456192	0.659173	8.297539
5309	6870.131610	49.428094	-7.459066	0.657760	8.647298
5311	6872.205627	49.245202	-7.387791	0.656365	8.563800
5313	6874.280312	49.293091	-7.373058	0.655932	8.324622
5315	6876.354264	49.187123	-7.322793	0.655187	8.706144
5317	6878.427201	49.051197	-7.261418	0.654569	8.291937
5319	6880.502444	49.110356	-7.249868	0.653265	8.123803
5321	6882.575382	49.054164	-7.212303	0.651579	8.407422
5323	6884.650407	48.900740	-7.137020	0.650346	8.367073
5325	6886.724508	48.870874	-7.115686	0.649399	8.271221
5327	6888.798182	48.727846	-7.039541	0.648370	8.463461
5329	6890.873621	49.884674	-8.268254	0.648862	8.147684
5331	6892.946168	48.797374	-7.026295	0.645381	8.240926
5333	6895.021561	48.564214	-6.908721	0.644319	8.399641
5335	6897.095116	49.741660	-8.156803	0.645549	8.454022
5337	6899.169053	49.644551	-8.132011	0.644364	8.056260
5339	6901.244028	49.558825	-8.045429	0.643805	8.258947
5341	6903.317301	49.450920	-8.000487	0.642564	8.117041
5343	6905.391380	49.507157	-7.983193	0.641920	7.941506
5345	6907.465003	48.361294	-6.716335	0.638335	8.396701
5347	6909.539804	49.399099	-7.913803	0.639773	8.157119
5349	6911.614603	48.349109	-6.656154	0.636530	8.155024
5351	6913.688241	48.226090	-6.564923	0.635132	8.000660
5353	6915.762212	48.174531	-6.513197	0.633838	7.812617
5355	6917.836539	48.245865	-6.517378	0.632670	8.092294
5357	6919.910477	47.974939	-6.405787	0.632007	7.946766
5359	6921.983815	47.981240	-6.374114	0.631402	7.994299
5361	6924.059452	47.903946	-6.364707	0.631001	8.123887
5363	6926.132227	47.863347	-6.326489	0.629983	7.870299
5365	6928.206564	47.841439	-6.292095	0.628709	7.792149
5367	6930.281183	47.793098	-6.248522	0.627614	7.984742
5369	6932.354735	47.831753	-6.259498	0.626753	7.858721
5371	6934.428400	47.688302	-6.173134	0.625671	7.957696
5373	6936.502903	47.680381	-6.124935	0.625217	7.864917
5375	6938.576302	47.543591	-6.077515	0.624240	7.683708
5377	6940.650734	47.589284	-6.081089	0.623678	7.593251
5379	6942.724315	47.440330	-6.002596	0.622859	7.717312
5381	6944.798069	47.456179	-5.998187	0.621935	7.885260
5383	6946.873339	47.305383	-5.925849	0.622036	7.933797
5385	6948.947315	47.289329	-5.908699	0.621162	7.985618
5387	6951.021204	47.264311	-5.872805	0.620172	7.480962
5389	6953.095833	47.163401	-5.828049	0.619191	7.538971
5391	6955.169837	47.255012	-5.824961	0.618552	7.524933
5393	6957.243432	47.071433	-5.745025	0.617917	7.626883
5395	6959.317845	47.072944	-5.746227	0.617267	7.585899
5397	6961.391885	46.897981	-5.646531	0.616307	7.702733
5399	6963.466113	47.872404	-6.792259	0.618373	7.310809
5401	6965.540087	46.843306	-5.613452	0.614377	7.254386
5403	6967.613070	46.824545	-5.576906	0.613363	7.614331
5405	6969.687499	47.782147	-6.713305	0.615212	7.760813
5407	6971.762456	46.790616	-5.521250	0.611510	7.540997
5409	6973.835701	47.674824	-6.618200	0.613576	7.444538
5411	6975.911294	47.720264	-3.976506	0.615150	7.220973
5413	6977.984071	46.601178	-5.381194	0.609126	7.588865
5415	6980.058355	46.553066	-5.339859	0.608037	7.279265
5417	6982.133285	46.580632	-5.329979	0.606585	7.441850
5419	6984.207208	46.377982	-5.257097	0.605614	7.562553
5421	6986.280172	46.334250	-5.205939	0.604245	7.254029
5423	6988.355473	46.360973	-5.194378	0.603853	7.257091
5425	6990.428845	46.270052	-5.168687	0.602704	7.216071
5427	6992.502556	46.172969	-5.101379	0.602273	7.087249
5429	6994.577367	46.228870	-5.117399	0.601503	7.378612
5431	6996.651158	46.068590	-5.003928	0.599707	7.179978
5433	6998.725541	46.014282	-4.960607	0.599514	7.001920
5435	7000.799308	46.057895	-4.978991	0.598237	7.160104
5437	7002.873387	45.873054	-4.884216	0.597622	7.491770
5439	7004.947011	45.888810	-4.868208	0.597253	7.415274
5441	7007.020716	45.847064	-4.828655	0.596310	7.263105
5443	7009.094406	45.803823	-4.797918	0.595743	7.211062
5445	7011.169414	45.655430	-4.720527	0.594863	7.371838
5447	7013.242652	45.603601	-4.697302	0.593599	7.091042
5449	7015.317463	45.717379	-4.710952	0.593870	6.983168
5451	7017.390757	45.564839	-4.626207	0.593155	7.033546
5453	7019.464136	45.403558	-4.551033	0.591516	7.394215
5455	7021.539406	45.486280	-4.544201	0.590780	7.030690
5457	7023.613717	45.515899	-4.541387	0.590000	6.905569
5459	7025.687969	45.328740	-4.465066	0.589511	6.856592
5461	7027.760302	45.342018	-4.458782	0.588641	6.963316
5463	7029.834919	45.242753	-4.389690	0.587910	7.014406
5465	7031.908484	45.224639	-4.376722	0.587121	6.968958
5467	7033.984831	45.205005	-4.319228	0.587296	6.764932
5469	7036.057545	45.191498	-4.308935	0.586533	6.924545
5471	7038.131919	45.178291	-4.274443	0.585733	6.671010
5473	7040.205944	44.990210	-4.197388	0.585680	6.761129
5475	7042.279784	44.975907	-4.165051	0.584465	6.855919
5477	7044.354217	45.810993	-5.179111	0.587125	7.193942
5479	7046.428081	44.826506	-4.076278	0.583501	6.731410
5481	7048.502788	44.835719	-4.046696	0.583009	6.977590
5483	7050.576415	44.652959	-4.007466	0.581662	6.878327
5485	7052.649753	44.717699	-4.013175	0.580947	6.805627
5487	7054.723498	44.628811	-3.939532	0.580547	6.575978
5489	7056.797021	44.496808	-3.856311	0.580231	6.750938
5491	7058.871732	44.506362	-3.856681	0.580248	6.891363
5493	7060.945388	44.455154	-3.802888	0.579615	6.500955
5495	7063.020192	44.435851	-3.761355	0.579137	6.889971
5497	7065.093569	44.280427	-3.688341	0.578927	6.428120
5499	7067.166875	44.249501	-3.659707	0.578316	6.666048
5501	7069.241178	44.198790	-3.614285	0.577842	6.631105
5503	7071.315077	44.117263	-3.568176	0.577439	6.526600
5505	7073.390229	44.134116	-3.564529	0.576840	6.685377
5507	7075.463291	44.090618	-3.525650	0.576536	6.483064
5509	7077.536677	44.007599	-3.457944	0.575943	6.597594
5511	7079.610743	43.926395	-3.410652	0.575319	6.554599
5513	7081.684220	43.879444	-3.369410	0.575202	6.805015
5515	7083.758786	43.841967	-3.316623	0.575041	6.717298
5517	7085.833133	43.755979	-3.266322	0.573877	6.319354
5519	7087.906592	43.784657	-3.259728	0.573499	6.591942
5521	7089.980809	43.556930	-3.185447	0.572448	6.290447
5523	7092.054409	43.644065	-3.186316	0.572712	6.829129
5525	7094.129467	43.635603	-3.177455	0.571582	6.418762
5527	7096.203427	43.540476	-3.119238	0.571245	6.297637
5529	7098.277062	43.530161	-3.106310	0.571045	6.372187
5531	7100.351225	43.427546	-3.052990	0.569338	6.470742
5533	7102.425355	43.336802	-3.005314	0.569196	6.231751
5535	7104.499150	43.398861	-3.012033	0.568916	6.252693
5537	7106.573171	43.345668	-2.983525	0.568706	6.414697
5539	7108.647850	43.187400	-2.918096	0.568331	6.238431
5541	7110.721976	43.218808	-2.895259	0.568512	6.238138
5543	7112.796202	43.151491	-2.852784	0.568933	6.165682
5545	7114.869070	43.075544	-2.817529	0.567511	6.263588
5547	7116.943424	42.948268	-2.746481	0.567162	6.411846
5549	7119.017936	42.899797	-2.710285	0.566237	6.298870
5551	7121.091529	42.855418	-2.718516	0.566156	6.121229
5553	7123.165992	42.779056	-2.685449	0.565606	6.057186
5555	7125.239462	42.759125	-2.652407	0.565178	5.865869
5557	7127.313642	42.710285	-2.615959	0.564585	6.056917
5559	7129.387709	42.597077	-2.548834	0.564085	6.227332
5561	7131.461740	42.619096	-2.553387	0.563500	6.083238
5563	7133.535612	42.529256	-2.488529	0.563757	6.051546
5565	7135.609249	42.431540	-2.459249	0.562372	6.133495
5567	7137.683032	42.321805	-2.421168	0.561823	5.774933
5569	7139.756003	42.390661	-2.409804	0.561662	6.029653
5571	7141.829433	42.419621	-2.409071	0.561612	6.330992
5573	7143.905033	42.274597	-2.347812	0.560645	6.071793
5575	7145.978346	42.166921	-2.295961	0.561128	6.050342
5577	7148.051953	42.141796	-2.255863	0.560849	6.222295
5579	7150.124655	42.095243	-2.233850	0.560904	5.832193
5581	7152.200572	41.995157	-2.188700	0.560572	5.718053
5583	7154.272876	41.974000	-2.148068	0.560693	5.994840
5585	7156.348661	41.747643	-2.058292	0.559445	6.166987
5587	7158.422661	41.830808	-2.065329	0.559522	6.083445
5589	7160.495175	41.763148	-2.022775	0.558684	5.848921
5591	7162.568864	41.637699	-1.988992	0.558284	5.770711
5593	7164.642859	41.744843	-1.979075	0.558130	5.630651
5595	7166.718069	41.553228	-1.930535	0.557543	5.779383
5597	7168.791320	41.500798	-1.893750	0.557579	5.941319
5599	7170.865898	41.531803	-1.889485	0.557288	5.773379
5601	7172.938914	41.431803	-1.849475	0.557657	5.503071
5603	7175.014578	41.413131	-1.818240	0.557068	5.652024
5605	7177.087857	41.335054	-1.776015	0.556956	5.636604
5607	7179.162109	41.302401	-1.747756	0.556797	5.796972
5609	7181.235932	41.217397	-1.699780	0.556342	5.688153
5611	7183.309975	41.216468	-1.671717	0.556369	5.964434
5613	7185.383653	41.238023	-1.645948	0.556104	5.647133
